363.34
126.38
365.74
130.36
368.99
122.12
367.84
173.49
164.63
234.62
142.09
111.16
198.46
344.56
203.6
357.28
347.98
287.07
347.89
336.19
268.83
112.55
160.82
196.39
352.09
173.63
172.34
210.89
152.5
341.06
244.72
255.07
251.15
156.52
207.17
212.86
266.74
117.46
334.79
262.58
116.09
170.44
215.89
293.71
104.75
116.18
358.09
153.58
294.7
232.03
338.82
313.42
142.09
344.03
309.68
275.08
351.79
246.13
109.08
349.65
108.78
212.87
221.9
152.17
349.48
300.64
239.68
343.45
359.87
356.39
230.44
287.42
112.13
363.97
210.53
327.85
123.02
266.58
258.74
196.41
215.56
208.18
207.71
126.45
291.22
352.04
153.45
224.95
152.32
227.65
166.69
232.75
325.31
147.74
252.95
294.18
277.27
181.72
300.92
256.86
828.48
1276.97
889.12
1391.73
1140.26
739.61
1142.38
1207.79
845.92
1119.53
820.63
1295.18
1181.0
1239.43
1217.79
1235.82
819.68
813.95
1043.87
832.83
1350.57
1292.65
923.97
1110.51
847.25
1323.99
775.28
842.19
732.12
784.66
1206.14
980.59
1010.68
833.64
1121.69
732.16
960.38
1138.95
1217.35
909.31
825.58
943.88
1077.72
753.78
1015.11
1136.65
1383.62
1296.26
867.83
1189.75
846.6
1274.66
1028.01
1195.6
1096.15
900.16
1136.17
1017.22
753.74
812.64
1087.51
635.83
1070.59
931.79
1211.07
1127.39
754.97
784.27
1346.0
502.23
702.81
920.33
886.75
995.0
1067.62
1134.42
1266.01
821.41
704.46
853.95
1228.01
1055.05
922.25
1364.86
1035.0
906.1
869.87
870.6
924.42
1196.21
1316.93
1070.56
959.49
687.81
625.36
1081.67
991.91
634.68
648.56
922.32
2016.84
1757.94
1827.31
1265.74
1524.9
2012.14
1458.01
1163.16
1281.12
1756.55
1544.51
1466.48
1590.27
1375.25
2030.27
1802.39
1822.23
1455.5
1524.07
1560.24
1245.41
1669.7
2214.49
2095.93
1823.93
1288.64
1464.71
1839.07
1364.09
2120.06
886.28
1533.3
1468.31
1963.45
1164.05
2056.11
1380.67
1569.32
1694.7
1572.05
1407.3
1497.41
1125.44
1512.45
1939.58
1753.33
1669.41
2314.05
1740.32
1824.85
1498.55
1431.57
1702.08
1780.88
2076.19
1306.1
1448.91
1073.75
1610.99
1460.71
1738.43
1970.82
1928.66
1504.33
1866.79
2052.28
1780.56
1373.19
1720.57
1922.95
1640.64
1851.64
1451.39
1205.85
1040.08
1302.83
1962.98
1418.83
1466.18
1290.51
1843.51
1287.91
1626.91
2016.78
1594.11
1697.22
2095.87
1263.49
2120.48
1297.56
1728.21
1691.7
1824.97
2081.97
1371.62
1537.79
1332.73
2378.74
1732.66
2007.93
1324.65
990.61
1030.09
914.89
1023.12
797.86
751.0
1115.55
1080.59
1337.56
987.62
975.88
1089.53
909.61
915.54
910.18
1032.54
684.8
873.19
789.85
1243.51
807.52
841.16
1130.68
1192.81
868.13
1178.81
1326.58
822.36
1011.41
532.84
639.7
725.99
1467.24
1056.31
844.57
802.38
590.15
985.13
1063.56
641.71
798.87
1040.32
1311.61
953.57
1018.45
1106.86
590.14
902.42
1103.39
1408.55
1085.71
733.71
1099.47
703.93
745.76
1040.75
1134.73
655.68
705.34
783.38
865.67
1449.07
1094.98
561.95
1320.63
1202.7
878.24
714.8
882.88
1094.9
844.38
1142.74
1033.89
1094.53
1100.09
1059.5
677.68
811.13
1255.66
818.85
1013.95
1015.62
617.29
1217.81
870.52
1461.96
474.99
910.76
1117.96
746.35
996.28
791.65
1021.62
1452.45
1127.47
1114.56
938.23
1130.6
1350.04
1336.12
714.41
1202.02
1296.07
887.21
682.67
1280.22
974.74
675.72
1405.02
749.21
1043.75
1121.12
976.52
1039.52
756.32
1493.29
527.81
1415.44
480.35
1045.09
673.13
839.52
985.94
887.74
926.19
1338.57
894.65
515.33
1477.94
552.53
803.09
1224.14
1062.35
769.07
1543.66
824.97
943.97
1011.22
979.19
1066.14
1228.29
683.87
698.03
708.44
1330.84
521.57
961.22
1454.74
695.21
392.16
417.76
491.42
725.31
915.67
720.29
936.55
861.83
572.32
618.81
977.15
944.68
851.47
805.88
1088.84
619.66
1017.21
897.28
942.24
452.68
760.37
785.01
952.69
826.93
826.55
1037.13
877.51
1174.18
1063.75
551.95
697.21
782.07
422.6
478.55
969.78
760.83
1227.2
919.44
746.88
1237.6
593.99
523.94
590.26
882.46
553.25
456.99
866.12
852.33
996.52
893.16
941.29
901.51
680.41
379.99
957.16
377.21
1027.34
655.42
899.35
586.56
852.22
716.26
690.76
553.59
418.12
863.02
799.46
1039.18
868.27
584.6
1081.51
954.56
1010.33
553.58
667.3
555.98
648.19
645.2
1069.35
509.65
704.83
960.87
664.71
723.16
437.62
648.67
1222.68
471.55
1073.4
644.74
682.74
823.22
818.36
309.36
580.66
542.04
968.56
1121.18
546.81
1005.25
1206.48
993.22
1089.29
1372.59
987.49
614.48
952.87
947.27
1138.01
1137.31
1051.14
1136.0
1211.27
878.06
1176.43
1003.37
808.86
720.98
1201.44
1336.57
742.17
723.27
958.94
1440.98
1114.25
1005.14
1342.54
947.87
1232.61
737.13
900.13
993.33
733.53
752.34
1089.64
1241.69
1332.37
1174.28
915.69
1293.52
1404.24
1213.09
1238.09
1423.33
1035.44
1160.34
1143.58
1278.54
882.1
1042.51
1317.3
884.36
1492.38
1114.69
703.08
1158.13
941.68
703.44
847.75
1256.45
1027.33
1173.61
951.31
1441.62
1167.77
1000.38
903.86
1075.6
1222.55
803.63
1443.47
580.31
1109.05
631.73
1132.5
1062.87
1343.86
863.41
1429.9
868.69
889.62
859.57
982.43
1195.07
1179.67
873.22
1326.96
1127.89
938.64
1346.85
610.77
1068.56
871.12
1241.54
1264.36
944.49
791.2
1279.63
1187.16
887.06
1545.61
1572.59
1808.48
1615.44
1726.72
1938.71
1712.53
1844.75
1554.99
1839.92
1809.66
1742.71
1753.69
1898.76
1962.89
1845.88
1848.22
1718.17
1741.83
1895.17
1833.68
1717.95
1515.11
1836.75
1690.67
1754.49
1564.53
1677.13
1611.66
1665.47
1917.17
1686.44
1755.51
1836.54
1596.71
1969.78
1586.24
1872.14
2097.98
1596.9
1649.12
1857.69
1795.92
1621.76
1689.26
1979.8
1783.88
1971.43
1876.3
1735.88
1614.36
1828.72
1518.57
1712.11
1899.32
1945.2
1770.97
1601.91
1600.8
1499.0
1760.81
1817.18
1807.66
1803.74
1841.48
1960.53
1790.37
1672.87
1979.29
1591.26
1817.71
1575.91
1747.16
1890.99
2006.23
1698.12
1636.18
1621.6
1877.35
1593.22
1896.22
1464.0
1741.0
2073.72
1539.16
1550.16
1894.38
1497.55
1571.88
1605.26
1612.91
1681.92
1852.84
1738.97
1774.12
1780.41
1910.62
1536.66
1532.53
1835.92
1490.45
1247.29
1129.03
2511.43
1215.49
790.6
1339.03
1413.31
704.09
1602.9
2066.17
1543.99
1978.62
2049.93
1395.81
2157.74
1832.22
1962.32
2433.03
1837.65
1523.56
2102.71
1844.12
2040.32
1621.41
1395.7
1519.95
1046.91
2207.77
1501.91
2451.28
1699.37
1828.96
795.67
1274.12
2131.24
923.14
2159.76
1681.15
485.73
1973.45
1673.87
1500.1
729.65
1139.39
1892.63
2573.02
769.3
2263.18
1608.61
1944.86
1172.28
1606.94
2006.8
1934.27
1425.33
1452.46
1879.47
1289.95
2706.64
1464.42
1396.19
525.11
190.34
1251.74
1060.8
1414.08
2328.52
1511.8
1080.36
1730.71
1341.47
1090.95
532.03
1522.52
1431.02
1499.82
1676.7
715.06
1609.44
1492.49
1263.61
1654.05
1514.76
598.84
1821.03
1252.51
1847.73
974.57
2416.87
1912.81
958.67
1615.98
1127.45
1225.7
1847.53
2293.32
1074.3
745.96
992.17
1707.97
1926.31
2034.3
2449.43
2175.86
1996.53
2081.53
1716.53
1280.56
2019.87
1644.97
951.52
1360.2
1133.22
1268.9
1506.46
1738.29
1253.78
1472.81
1563.18
932.26
1629.16
1490.97
1224.41
977.97
1897.2
1416.28
1369.01
1383.37
2052.4
550.53
1153.83
1308.6
806.89
688.87
1648.13
1090.86
938.88
2194.89
956.66
786.73
1162.68
818.54
2052.14
1140.18
2212.97
2036.22
1082.02
898.73
1814.68
1604.9
1618.55
1903.24
1908.83
1324.51
674.18
1427.07
739.47
1272.1
1804.64
2448.58
1094.81
634.52
1468.39
1917.81
1533.77
1138.59
1438.03
1405.91
1929.6
1883.8
2717.56
1038.1
1973.93
1229.21
1442.47
1810.43
2696.86
1999.81
2035.51
1313.51
2443.11
1909.12
1988.75
2120.16
1477.89
582.05
781.96
860.21
1690.7
2286.81
1846.99
1157.34
1176.69
1083.94
1326.61
1781.45
1910.4
1078.35
1796.61
1270.34
1350.26
2495.62
1363.79
1014.46
2007.0
1509.98
1816.97
1642.45
2285.83
1325.41
1717.93
2053.8
1372.1
2293.91
2100.8
2367.21
2207.74
1589.31
1370.71
922.68
2290.37
1825.74
1958.97
1142.67
1922.98
1026.77
659.29
1191.85
1866.61
1307.05
1457.19
1561.13
1791.02
2354.73
1335.64
1827.68
2163.14
2335.33
2020.68
1517.36
1556.48
1981.1
1200.91
2222.04
1766.39
997.27
1636.47
2256.64
2139.2
710.03
839.84
2202.76
2056.59
1810.55
2596.64
1451.65
2601.49
1627.74
2355.02
1527.66
2188.07
934.11
1621.58
1833.85
1734.8
1023.91
1546.95
1432.87
1986.99
1651.28
1253.57
1578.43
2236.53
1000.5
1545.87
2154.49
2255.72
2098.13
1150.44
817.24
1201.95
720.9
1176.01
1546.7
1003.89
1657.91
1065.34
1341.92
1551.32
1715.81
873.65
2477.66
1422.86
1068.98
1492.47
764.1
1664.09
1079.46
1683.34
1072.25
1725.86
904.84
2755.99
1289.22
1644.49
1834.17
1919.94
1294.44
2366.56
2350.8
1390.11
1378.49
1647.57
1925.79
941.79
1869.47
1870.13
2319.18
1408.52
1647.9
1862.91
841.99
1422.64
1460.94
1480.09
1277.88
1687.14
1921.48
1014.23
1932.17
1597.97
1519.34
1731.06
1250.74
631.62
1232.07
2092.15
2261.97
943.24
2267.69
1121.66
1257.04
1482.61
1639.12
1567.52
443.91
1274.65
2299.21
1886.58
1189.82
1039.11
2078.46
1163.81
1884.67
2350.84
1623.28
1347.58
1169.11
2322.55
1875.68
1902.07
1970.35
1852.11
1620.36
1421.6
1791.3
938.54
2341.18
1522.49
1241.22
1433.12
2559.39
829.18
1790.76
1145.2
2209.53
1732.85
1364.13
1487.98
1193.38
2238.1
1783.17
1284.32
785.83
1423.16
1146.36
1262.55
1913.15
1882.21
1222.22
1296.17
1483.02
975.52
1497.35
1257.04
1558.14
2324.24
2162.93
1036.33
1490.17
1474.88
310.77
2447.18
1336.35
1459.99
1905.99
1609.12
2061.93
922.97
790.9
1566.09
864.79
2288.24
1785.59
1876.11
580.12
1224.43
1474.59
1504.91
1932.36
1564.38
1540.02
2067.7
1376.39
1639.13
1744.05
1281.03
2414.2
2295.84
872.2
2071.34
746.28
1696.15
1899.09
1920.36
883.42
1211.87
1548.46
1380.83
2332.55
1284.55
1704.13
1758.38
2316.23
2350.74
2295.22
1820.55
1552.99
1313.08
1453.08
1418.3
1522.21
1322.07
785.09
942.72
1718.48
1051.82
2288.57
1232.34
1896.8
594.81
1892.04
1863.43
2108.18
2350.99
472.2
1271.04
2011.27
618.97
1439.54
1498.82
1171.17
2097.36
1232.57
2336.93
1206.53
1477.94
931.04
1391.55
1324.0
1528.73
1273.49
1649.11
1716.47
594.08
1368.36
789.18
1482.54
1676.31
724.27
1644.73
728.5
1070.76
1375.62
2068.64
1832.69
2304.63
1881.99
1153.41
2039.68
2009.47
1205.59
1443.49
881.08
1276.2
1766.41
1330.96
1971.26
1904.32
1747.24
726.28
1720.65
1459.31
1783.63
1459.05
2210.22
1267.45
1446.74
884.24
1352.56
1385.62
1088.97
1768.26
1249.53
2203.31
1979.82
1162.11
1192.66
1721.09
880.31
2121.2
1114.57
1118.94
1669.56
1326.11
1946.89
1388.2
527.65
1525.89
1541.29
2301.09
1780.39
1984.62
1130.74
1768.68
1886.36
1913.36
1375.47
1429.22
2056.59
1333.93
2036.7
1450.54
2132.22
2638.75
2642.39
1911.27
1208.16
809.47
1420.13
1330.08
1590.41
1369.27
2332.43
1548.78
892.88
1397.16
1583.83
1671.28
1436.53
1067.55
1664.61
1423.89
954.74
1324.54
991.85
1404.08
1207.74
1270.26
1681.68
1456.88
1527.85
1600.04
968.09
1621.3
2038.9
762.65
1433.97
968.13
634.16
1079.45
978.39
1289.19
1068.41
2311.53
1496.58
1639.59
1011.99
1860.3
1407.3
1672.09
1254.97
1534.0
2738.21
1938.58
1496.62
1538.41
621.71
1978.95
1261.6
1719.17
1017.16
2087.99
1679.64
1517.2
1443.51
1686.28
1095.1
2039.56
2562.59
2438.66
1244.85
1599.91
1764.38
1677.94
1598.45
791.93
2116.93
1394.03
1976.87
1309.55
1428.19
2081.22
1587.2
1238.24
2184.94
1642.41
2047.5
931.04
1288.59
2168.39
1668.98
1729.49
2261.81
1374.64
1199.16
2277.57
1204.56
1581.2
1429.53
1412.18
1699.18
1896.07
1104.3
759.63
1747.42
1556.98
1572.4
476.26
1120.24
1169.48
971.81
2097.11
993.61
1789.12
1851.37
2267.73
1360.15
2146.54
1808.67
1353.82
1451.57
1931.15
1489.38
2025.47
1949.61
1562.7
645.75
1462.17
1410.62
1016.16
1451.59
2125.53
1757.88
1271.65
1744.45
1222.16
1731.13
1958.03
915.72
2227.78
1182.2
2298.07
936.5
1716.36
1323.12
2629.47
1062.64
1278.64
2093.89
1949.39
1549.31
782.36
1133.22
2215.93
1740.46
2205.47
1152.94
489.07
1925.5
1151.85
1185.48
1320.84
2122.24
1157.17
1277.68
1913.99
1550.5
727.97
1612.18
1204.69
1205.53
1854.03
1364.9
867.29
1459.37
1220.81
1694.4
1734.91
2392.95
1321.7
1023.32
1053.47
1327.81
1990.9
1634.03
1449.27
1541.33
681.77
1930.04
1408.58
839.08
1274.69
2013.2
2184.91
1951.55
1367.16
1791.42
949.14
1663.79
2287.51
818.63
2127.59
1494.42
1730.58
702.09
709.09
1317.48
1362.27
2512.08
1135.77
2604.24
1432.34
1194.31
1946.18
1298.66
1260.8
2551.3
1844.93
836.28
1159.74
817.86
885.68
980.18
1254.41
1697.47
1591.28
1481.37
783.09
904.97
660.58
1737.27
1143.48
2023.96
1410.64
2387.95
2061.38
248.21
1621.89
1018.75
920.96
1423.95
1649.33
1277.91
1978.58
2536.64
1914.68
929.09
453.37
1395.75
1616.1
1519.08
1468.93
1336.93
1992.95
399.77
557.76
1971.43
1629.38
688.18
660.33
906.76
1503.51
1446.38
1316.23
2101.79
440.0
1502.77
924.14
1362.13
1702.95
1995.42
1693.42
1899.26
2001.67
1407.84
2136.34
1392.68
2096.54
1373.05
1311.19
1804.36
1126.42
1939.3
1963.88
1388.62
1491.3
1768.21
2301.69
1468.51
1441.7
1046.54
1148.02
1363.46
1684.92
1659.13
1318.99
1804.53
2498.93
2125.01
2446.63
511.33
1335.71
1188.52
2486.65
1385.2
1027.3
1466.45
977.11
2026.59
2348.59
1920.85
1693.53
1804.31
1408.71
2660.05
1773.34
627.62
1064.56
1193.29
1296.58
1345.93
1637.0
1231.49
1685.34
1516.61
1859.41
1475.28
808.3
1131.72
1635.52
914.12
1574.72
1795.64
1402.43
585.41
876.09
1202.78
1191.61
1623.13
1315.6
2049.8
1859.98
719.36
1913.92
1265.69
1570.64
1182.92
1011.59
1790.86
1409.04
2124.48
2356.33
2281.03
1313.68
1243.78
1630.56
1943.74
1456.37
1652.0
1691.2
713.41
1578.36
1873.55
1905.64
1691.5
1193.88
1081.6
1157.33
894.54
2045.38
803.92
366.48
1079.41
671.1
1473.67
1215.31
1149.22
770.77
1196.83
1597.35
1149.62
871.35
1678.62
1432.16
1143.56
2072.32
2272.47
1343.7
1865.41
503.8
1565.46
1485.18
970.58
1189.62
1412.29
1408.25
2302.14
1538.62
1554.53
844.78
2172.76
1130.39
1959.62
1444.74
1211.91
1358.83
1726.93
755.37
1276.04
557.68
1340.8
1532.86
2398.38
668.22
2203.55
757.93
1508.84
1375.13
1319.41
2337.66
1557.24
1616.97
2114.72
1152.5
925.32
1161.43
2064.53
2045.41
1394.62
1699.82
2640.95
1961.13
991.25
1576.85
1793.48
990.07
1497.04
1394.59
1392.26
1725.71
1512.89
1869.61
1851.78
1523.46
2176.82
2216.01
2181.82
1243.57
926.73
1541.58
2363.4
746.21
1928.98
1107.58
1327.57
1817.22
1737.36
2101.02
1546.05
1487.69
1621.65
1311.62
2112.44
1619.36
2521.44
625.63
1547.2
1244.97
1675.13
1453.88
1616.53
2036.06
1600.79
1172.25
1369.21
1691.62
1534.98
578.99
1781.74
900.07
819.92
2134.91
1381.99
1587.21
611.5
2054.25
1801.11
2329.79
2260.48
1362.55
1667.92
1733.63
2304.89
1746.81
1595.03
949.6
1123.29
1321.63
874.97
1913.72
1787.96
1439.01
2176.45
2045.97
1797.01
1719.17
1127.4
2448.93
1885.25
2487.35
715.04
1368.16
882.3
1409.88
1958.06
1982.49
1892.39
2034.52
1823.8
1313.43
1501.81
1619.06
1791.7
1938.3
1331.78
1101.79
754.87
1928.7
1732.32
1535.01
711.23
1169.5
1268.96
925.0
1012.92
998.42
466.94
1117.96
1065.12
1781.55
982.12
751.04
1319.62
2080.72
599.99
786.27
1983.28
1675.99
1697.44
1989.2
1845.01
1808.57
1586.42
1675.25
1631.81
1061.82
2080.61
1893.3
1195.35
806.48
1410.11
1385.49
1339.48
684.71
1560.47
1824.76
1486.83
1540.41
1402.1
1303.8
2264.93
2185.39
1294.51
1303.1
2278.4
871.01
1106.14
1290.64
1466.95
990.1
917.12
2006.82
1546.13
1941.64
1738.4
1862.01
2110.88
1552.06
2334.14
1844.17
1982.56
1455.22
1134.0
2099.07
1365.45
1490.13
1551.33
1413.35
1724.96
1214.35
1431.97
692.16
1860.47
2178.64
907.44
817.29
1338.82
1582.74
1623.93
639.76
646.03
1840.75
1718.24
1826.81
1738.65
2597.93
2135.87
1971.71
1413.66
1276.7
1189.37
1434.54
1423.21
2073.3
708.95
1377.62
789.32
1836.89
2041.07
1282.5
1911.75
1114.97
1599.77
2225.84
617.23
1212.18
1231.38
1780.03
1827.42
1369.88
776.83
1538.91
1723.02
207.64
744.92
1617.97
1666.01
941.42
1454.27
1888.49
754.59
801.86
1463.32
2114.12
1637.61
1792.55
2587.57
1333.91
1794.34
1632.27
2090.38
1889.35
1604.58
1707.88
2092.39
890.23
1864.4
1070.44
1781.58
1625.42
850.58
1554.37
1718.14
1589.67
878.19
1512.07
2175.88
1298.83
1246.69
1216.58
1397.86
1406.76
1977.28
1886.51
591.25
283.07
919.7
1534.8
2200.52
1971.93
1613.17
1221.1
2474.51
2341.09
2134.73
718.35
1970.81
1663.22
1787.93
2206.3
2236.38
1156.93
2223.27
1334.47
1300.28
1246.02
1019.9
1428.47
1590.95
1813.26
1162.53
1721.74
394.08
2071.49
1498.63
1355.78
636.08
836.86
2194.68
1966.2
2375.49
1336.25
2518.42
1082.6
951.23
1839.9
1647.16
1083.2
745.57
917.46
1708.8
1894.24
1340.97
646.86
1465.68
788.81
849.01
2409.73
1370.25
1446.31
1115.53
1655.02
1730.8
1827.18
1106.54
1373.14
2284.51
1853.36
552.19
2529.28
1804.28
1896.7
2308.6
941.51
1083.26
712.63
1813.01
2124.3
1045.11
1454.38
2466.98
572.89
915.38
844.22
1773.66
1557.72
1868.02
1033.06
1571.42
1550.27
1606.63
2252.15
776.0
2019.19
1075.25
1834.62
915.67
1833.36
1816.69
2019.16
2203.71
840.17
1706.96
1174.51
2296.33
1758.24
1633.17
1929.62
985.91
876.51
1265.4
1048.58
1208.99
1246.55
1894.36
1543.58
1438.86
1346.51
1652.62
1237.7
1715.84
1910.2
1544.74
2129.2
2020.2
2078.45
1441.05
1387.06
1226.26
2265.45
1864.28
1135.38
1563.58
1845.99
1573.79
1675.09
1393.61
2065.64
1221.16
1289.53
1823.7
2131.98
849.14
1487.57
983.15
2198.48
1961.63
585.21
1756.96
2591.77
2454.68
1287.45
1267.58
783.64
1124.11
2231.72
1527.42
1584.29
1145.31
865.68
1313.46
1925.91
1202.62
2064.34
1309.6
327.96
1249.19
1773.58
2004.77
1416.04
1671.82
2212.68
1127.38
1366.89
1709.48
1597.99
1097.91
1966.37
1178.51
1933.53
1449.55
1674.61
1639.2
1310.7
915.05
620.5
1575.5
951.09
1859.71
922.91
912.75
1628.4
1447.69
1323.79
1099.87
2295.14
891.74
2558.53
1087.09
829.57
1816.64
1124.84
1741.78
2444.3
1208.27
2514.09
2061.05
1937.48
1019.01
540.89
1021.87
1375.25
1908.67
721.64
2071.31
2317.9
1102.66
2070.35
897.79
698.29
1485.14
1000.46
206.67
992.24
1646.32
1811.82
2203.98
2414.53
1612.39
1843.18
1954.85
1313.78
1470.33
1937.15
962.59
1475.58
1473.08
2499.7
1589.23
2100.95
954.09
1845.39
1535.68
1146.05
1199.04
940.98
2594.02
1029.89
1849.55
2451.38
763.54
2058.32
197.63
2438.56
1055.21
2255.18
1890.78
781.71
2141.53
2358.39
1516.72
1851.19
692.24
1495.07
1782.23
1364.18
1220.91
2435.57
892.78
1858.45
1564.03
1340.57
301.64
2323.14
484.33
280.72
1651.57
1205.99
2051.94
1452.45
1761.52
2247.28
1353.29
1453.34
2004.76
1425.88
1270.18
2138.82
900.27
1648.44
1082.78
1200.47
1657.26
1991.06
1861.23
898.44
1318.89
1185.95
2163.38
820.58
677.93
1012.62
1351.18
1417.68
1065.65
1767.51
1294.45
1928.49
947.45
1993.32
840.49
2090.6
2098.24
1794.2
971.75
1406.29
1042.63
2061.68
1497.92
781.34
2060.19
924.0
1163.95
647.17
900.37
489.17
1950.34
2515.35
1790.23
1783.51
1261.63
669.97
1437.97
2157.07
1265.71
561.49
1498.62
1682.1
591.86
1100.04
855.53
961.51
1060.12
1856.14
1081.99
603.53
1009.52
2549.7
1647.73
2104.51
2560.97
1370.95
1410.43
2588.52
1120.81
1218.04
1205.46
1813.51
1382.32
2012.43
1003.8
1952.26
1773.43
1611.77
823.85
2443.21
1734.37
1484.25
2099.72
1228.56
1371.67
2006.67
1593.31
1001.83
1599.69
2070.78
1343.1
678.69
1613.95
904.03
934.92
291.19
1329.03
2414.12
1793.25
1358.13
1460.78
1725.76
1847.08
1416.04
1089.65
1337.49
774.26
2165.91
1783.77
1270.17
1683.47
1196.18
2141.93
1938.99
1827.39
858.73
1220.33
1958.11
2608.49
1482.99
1100.09
1507.26
1004.39
1155.94
2531.51
1717.09
1987.67
1736.02
1133.1
1995.82
1152.37
2035.27
1399.7
1873.66
1033.51
1414.1
1585.12
1888.72
1478.29
1510.1
1558.43
1351.81
1110.83
998.09
2018.85
2172.18
1534.72
1215.81
1513.51
1504.03
1075.0
1835.87
819.27
1951.58
921.35
1529.43
671.78
1685.76
900.77
660.79
373.33
2337.76
1797.01
729.61
1214.85
2211.64
2086.65
1227.52
2402.01
1500.73
2051.93
1433.88
1378.24
2148.91
1366.68
670.87
2110.82
1640.97
1602.91
1651.51
2396.82
1799.93
1719.27
2112.43
1488.96
1292.05
1434.44
1176.72
1638.3
1275.92
2620.39
1834.92
1638.34
1844.6
2011.32
1237.84
2533.54
1262.25
1458.81
1501.59
1694.36
2000.14
710.71
1592.79
1192.96
2707.22
1939.03
1104.87
1906.71
2118.5
2210.98
1603.82
1256.12
1180.98
1893.37
467.69
2719.0
2374.24
2558.91
1851.72
1865.91
1642.3
1557.96
2441.96
378.39
1884.05
1272.48
983.53
2484.8
1735.84
1200.92
1744.23
1916.46
1721.19
1657.89
1707.34
1794.46
1628.5
927.42
1583.49
1150.05
1148.93
677.81
842.4
663.74
1554.1
722.06
1471.57
950.97
1575.41
1869.12
2018.3
2013.58
2241.28
1518.09
1218.14
1842.33
2503.06
891.93
597.5
1324.61
1502.07
2207.6
1593.39
1926.74
737.66
610.35
2126.19
849.35
2074.34
1109.9
2643.22
1531.05
1624.61
1273.16
1480.9
1082.92
1756.23
2503.53
1204.42
1877.47
1543.74
1265.5
1731.55
1639.92
2592.91
1630.58
1881.97
1049.91
2234.66
907.75
876.3
1389.98
1066.63
1623.5
1241.63
1379.51
1623.15
2314.86
1731.03
1499.41
1445.29
1158.86
1577.27
597.46
1772.44
1629.6
2585.22
2324.14
662.56
616.22
1662.59
2427.95
872.53
2296.97
795.14
1239.03
1300.91
828.79
2156.82
1596.63
875.58
1991.76
1785.11
1301.55
1125.7
787.09
1721.04
1920.61
2505.64
1860.6
1663.68
1816.89
1373.7
2318.8
2241.25
1697.47
2147.83
444.89
1972.56
1383.77
2232.56
513.32
772.55
2185.11
2059.13
1677.32
1209.31
1625.96
2494.18
2271.31
1396.69
1737.16
1938.74
999.26
1804.09
1713.69
1426.4
1384.65
1085.52
834.42
1924.69
2060.08
1584.52
2094.31
2262.2
2586.07
1578.61
1584.18
874.16
1024.39
1333.74
826.49
1428.01
1450.3
1983.12
894.6
1832.22
1906.52
2057.35
1798.8
1337.83
1893.02
585.29
709.91
634.61
1558.75
1156.95
2040.3
1702.63
1995.78
1610.62
1528.95
1314.08
450.43
975.55
2048.64
1425.22
1816.19
748.27
902.38
1298.93
1068.24
1459.5
1386.77
873.59
1392.84
1382.14
1928.07
959.16
1442.97
593.42
767.66
1903.32
1622.84
1988.24
1472.24
2023.57
1617.04
1869.33
2515.93
1246.31
1925.43
1732.37
1910.29
1021.07
1403.69
1929.35
313.87
2254.26
2302.8
1416.69
1507.3
1242.6
1709.88
1269.48
1544.96
1645.34
1582.87
765.23
1792.88
1828.22
2185.65
751.16
1570.55
2102.07
595.79
1946.43
1855.26
1087.61
1182.65
1933.48
1747.35
967.6
2069.11
1208.54
916.67
1539.64
2160.09
1262.35
1009.57
2540.82
1452.62
1001.19
2302.96
1953.77
1453.5
867.22
1593.42
876.9
778.18
1597.93
1220.32
513.33
1898.26
429.13
1727.51
1449.7
1521.11
1874.89
1827.79
1548.28
1485.05
542.06
1129.9
1406.89
2218.8
1217.76
1712.73
1960.17
2056.88
1254.34
1494.71
1359.33
1837.26
374.56
2228.88
1359.9
973.09
792.25
687.17
2393.47
1405.33
1279.26
2051.84
2294.35
1363.99
2146.4
1776.28
1034.03
1733.64
1434.44
2105.63
1858.8
1899.47
2144.43
1387.53
1454.33
1048.71
1370.77
1982.83
2134.87
1632.6
1020.13
1905.22
1311.34
1385.9
1566.9
1408.21
1648.81
1076.48
1252.45
1147.1
2700.19
1104.43
2047.76
1774.11
1554.21
2079.2
1371.61
1316.76
1336.8
1746.99
1699.97
894.01
1107.62
1497.43
1208.82
2177.59
1663.73
1069.57
980.86
893.62
1329.29
2637.32
1657.93
974.8
2472.38
1621.71
2041.03
2653.41
1990.18
2053.11
1759.03
1734.84
973.9
577.59
1720.24
2082.59
1786.95
1389.25
2239.56
1620.58
2229.4
1365.36
1399.52
1008.95
1757.62
1908.16
1534.56
1175.4
2064.77
1652.19
1278.32
2591.12
1415.47
2409.76
2149.11
947.35
918.57
1558.57
1982.18
1815.36
1755.72
918.98
2241.24
1800.6
2147.82
1468.46
1531.67
2408.59
462.16
747.68
1476.43
1004.91
1673.97
1568.66
2332.96
811.49
1311.34
1713.96
1071.96
2116.15
1861.65
1315.83
1035.99
1743.17
1602.57
1673.02
1313.72
2371.78
1562.81
1453.82
1083.17
1211.74
1626.78
1641.41
1429.92
490.76
819.22
1344.43
1050.4
1628.89
1848.04
1584.47
2186.86
2204.27
2140.55
1753.1
1945.08
1562.44
1942.93
1743.43
1711.07
2407.14
2650.11
1800.71
2185.09
1452.01
1971.6
2151.89
1535.2
1022.57
2086.08
1683.9
1814.8
1019.4
1712.66
2468.45
1768.54
2230.05
1652.39
2284.62
944.12
1627.48
605.62
1002.97
1987.47
932.61
1253.63
2075.59
2022.16
2240.77
1675.91
1524.22
895.04
1509.73
2763.47
1918.92
1610.07
2346.31
1292.56
1366.28
1665.63
1324.02
1355.09
1477.95
1589.09
2380.89
2327.73
2002.92
1477.59
870.63
2627.53
1260.49
1947.19
1075.92
1831.12
917.64
1129.57
1092.32
1409.1
1327.91
2078.02
919.01
1731.41
2098.39
1499.19
2482.05
1989.77
451.1
1131.55
829.3
1242.51
1988.35
1020.55
2197.75
2046.28
878.75
1271.87
2523.47
2357.93
1561.97
1709.49
529.61
888.24
1177.1
1728.72
1578.47
1565.05
1640.38
1699.62
1216.79
1915.2
731.15
1793.0
1890.56
2186.71
1935.28
2209.7
1454.7
1148.77
999.69
1654.53
840.18
1170.62
1297.65
2143.4
922.34
2025.75
2173.03
1010.02
2018.78
916.63
1504.32
1547.59
1374.84
2211.08
1854.23
2036.32
1462.52
1404.21
1441.02
1133.71
1585.45
1420.61
2286.11
1900.57
1059.34
912.46
1562.2
1064.13
1921.91
1006.76
1042.57
1579.06
1552.47
961.39
982.46
1522.9
1071.81
664.21
796.91
393.93
1261.55
2456.42
653.58
2047.71
1900.87
1805.52
1888.99
1966.23
2065.84
1007.63
1368.16
2068.06
1502.44
1900.77
1330.69
1670.48
1908.57
1362.6
1043.74
1103.71
2153.36
1435.29
1705.26
1262.69
2329.78
833.32
793.55
1256.52
1917.35
1164.28
1042.01
1020.46
937.33
1486.67
824.08
1054.73
340.07
1360.4
1406.04
1093.56
2208.29
973.67
1984.38
1367.39
2184.3
2256.89
1616.93
1334.29
2093.27
1487.95
2045.12
779.74
1479.47
915.4
1904.38
626.25
1233.99
1425.81
1836.65
2152.01
1262.8
1147.55
1844.97
1793.65
2792.44
1756.03
1549.31
2295.12
1511.3
798.19
2176.22
1380.98
2393.33
732.68
307.87
1099.41
1105.17
1798.88
2236.57
960.17
1281.93
1743.13
1221.34
1321.41
1729.84
1763.14
1842.9
2679.78
1084.74
1445.88
825.2
2384.33
1465.45
1369.67
901.26
1973.23
1268.36
1163.11
2441.24
1537.24
1249.45
1899.1
1776.84
1614.86
2511.22
1532.69
1470.37
1655.39
1306.69
1651.87
1511.43
1830.7
1230.47
1470.26
1469.8
1960.05
2185.17
2252.22
2225.43
813.81
1230.92
1442.72
1300.42
849.28
875.08
1163.11
2073.77
1294.51
1333.87
2390.72
916.54
1434.37
2038.38
1657.17
577.64
885.93
2133.43
1958.71
623.75
849.08
2375.59
2035.19
1662.67
1974.35
1144.77
635.69
2068.12
1383.98
1410.5
2124.11
1316.85
2364.72
927.25
2180.11
1576.95
1765.21
1923.72
1214.31
1572.76
1055.24
2035.08
2147.43
1287.97
1802.62
1572.92
1582.63
874.93
843.01
1201.69
1618.42
2340.55
1137.96
2242.11
1493.53
1320.49
1614.34
1582.48
1227.24
913.24
2193.13
2498.15
1107.22
1135.5
1108.11
1205.11
2503.51
701.34
2091.86
1611.05
2128.6
1526.88
2091.22
828.12
1843.02
1239.7
1398.81
1618.8
842.29
962.47
2114.38
1256.69
2429.09
1422.18
1784.43
1735.8
1613.18
1740.04
1470.87
2335.39
1724.67
1535.99
1394.9
1008.31
2372.26
2097.32
1428.88
840.13
1117.08
2514.7
1366.23
1842.29
2315.51
1104.63
1366.84
2234.97
1851.97
1456.12
1931.19
972.21
1932.88
1484.93
1498.09
1459.95
845.65
981.03
1794.74
689.6
1941.89
1815.55
1715.87
1742.95
1331.41
2642.22
2182.81
1738.41
1888.9
389.95
1096.01
1286.18
1635.39
1714.66
657.05
1459.16
1107.1
1569.11
2208.94
1277.28
2277.09
2059.03
1325.74
1782.15
2161.37
1485.12
1635.78
1167.12
1124.54
2594.93
1595.24
1375.49
1606.32
1945.66
1210.98
859.01
1500.62
1998.45
1160.97
1166.67
1715.53
1789.98
1569.82
1171.06
832.13
2135.75
2245.76
1735.76
1415.13
2545.69
1673.45
2327.53
724.85
1553.97
907.33
1206.15
1488.8
1290.67
1165.18
1203.33
779.61
2111.08
1163.04
1406.72
1876.0
1281.51
1539.79
1399.35
1199.1
1592.29
1804.82
1402.11
1578.55
1162.01
742.7
1444.58
602.28
2458.43
1507.15
966.53
1727.34
404.74
1512.81
1524.41
1120.69
1561.47
2165.31
1029.18
1114.05
1425.88
2243.01
1805.85
1369.77
1882.03
1107.78
2541.8
1714.1
1549.26
1815.55
1650.91
909.42
1381.51
1244.92
1108.28
2695.65
1807.55
2192.47
1632.82
1604.56
960.12
1095.72
2230.53
1727.07
1800.8
587.41
1061.28
1928.33
1047.53
1834.86
1510.72
1993.11
304.27
1792.79
2613.72
2155.29
964.43
1438.41
1746.91
2113.68
2411.16
2119.18
1569.39
1501.61
729.82
1542.43
1174.77
1191.4
1600.34
231.95
1844.59
819.38
865.13
2025.75
1329.25
1891.75
1500.4
1972.05
2271.34
1021.35
2102.23
1590.47
1986.79
889.69
775.72
1932.89
2101.65
1830.03
778.22
2263.49
2088.17
959.8
1192.17
950.76
1827.05
2495.38
1839.51
2222.4
2174.41
1521.68
651.47
1003.5
1720.09
2487.16
1729.84
2054.01
904.62
1850.27
1576.49
2478.81
1257.6
1066.39
2181.61
2075.42
865.93
1857.09
1748.57
1752.18
1560.89
1060.5
1180.91
1450.87
2307.8
893.58
1403.52
2422.62
1857.75
738.65
1575.97
1370.3
1719.15
1686.18
2489.97
1259.41
719.03
1754.69
1838.13
2085.88
1012.6
1622.03
1390.66
1347.91
1178.79
1411.61
2195.91
1756.44
1012.77
1772.69
1497.53
1078.42
1450.25
2480.08
2046.1
1493.85
1621.89
1553.4
2188.16
1776.84
2185.19
2369.49
1543.73
1872.33
1578.15
1321.87
1769.7
2369.53
2566.34
1575.32
1814.22
1668.63
726.92
1740.9
781.77
1485.45
2003.64
1817.17
1359.72
713.95
1097.91
1654.95
1669.6
1684.62
2292.99
2158.44
1139.32
1841.28
743.14
1604.84
1402.02
1407.17
1407.64
987.59
2014.07
1747.28
1565.45
714.87
1493.68
1177.06
1265.1
1932.9
2040.84
1206.88
1863.89
1775.35
1453.91
1333.84
1224.79
1356.01
1180.66
2006.66
795.56
1052.64
1579.9
690.24
2118.43
1659.97
1555.83
1080.07
2144.72
1381.54
2574.39
2391.81
873.3
2112.01
890.99
801.94
1659.78
1231.98
2184.72
2541.95
1598.66
1512.97
1963.92
369.88
2232.86
1113.28
1678.71
1999.66
1269.85
1325.81
2120.09
972.01
1608.03
1781.85
757.01
1546.97
740.32
868.99
1758.18
1367.84
1402.82
2203.78
1455.83
1092.59
2046.23
1684.91
1577.93
1784.67
1517.47
1262.83
828.89
1904.43
2194.82
885.03
808.07
964.27
1982.77
2604.25
1165.45
2127.85
1657.52
1270.4
2203.86
1031.99
2259.77
1297.27
1285.95
1340.23
1187.8
1645.64
1092.41
1213.46
2348.9
1554.43
1473.46
1795.38
2177.26
1702.16
1338.68
993.54
979.56
1113.84
1783.5
1457.21
2177.08
1547.0
1094.0
1296.15
899.44
2396.88
1348.42
1019.74
1636.55
2675.03
2500.39
1004.12
1597.92
1656.71
787.74
408.57
1787.0
1100.43
1106.37
1261.06
1128.8
2029.6
2116.59
1345.66
2306.36
1728.74
1169.68
1005.56
1445.88
1056.75
1180.67
1758.01
903.89
838.75
756.41
1534.52
2437.45
2252.39
1678.62
2344.27
1210.23
1853.26
1689.1
953.21
1197.68
1741.16
911.61
1916.38
1681.24
2064.86
1394.64
1244.67
1273.59
1875.42
1080.6
1127.05
1573.29
1383.09
1045.51
1221.47
1177.48
1601.93
1438.2
1377.97
1494.31
2448.18
1431.38
2079.3
288.32
419.42
1692.75
1736.27
1028.7
2021.72
1142.91
1616.38
743.78
1851.47
1336.71
2429.95
891.0
1549.79
1332.88
735.76
2416.44
1301.49
668.0
1254.77
1787.33
1886.35
1125.11
1980.6
1183.2
611.34
2225.22
2262.86
1526.24
1591.38
1283.78
2334.74
990.88
1929.66
1413.79
1096.28
1327.78
1255.24
1665.77
1326.93
1178.26
1670.3
702.62
869.06
1342.22
1389.81
1744.49
2135.11
1760.68
843.19
1395.95
1130.83
1229.33
1699.45
806.62
1225.82
1779.71
1468.4
1419.32
1965.44
719.1
1188.42
2069.32
1493.81
1785.9
960.91
943.77
2137.82
1541.61
1751.19
1823.14
1947.26
990.13
270.69
2449.66
1711.18
1579.97
1144.16
1694.76
1519.92
2308.89
1628.48
2443.58
1614.95
1726.42
843.75
2186.84
1739.82
1330.43
1750.78
2475.34
1810.64
1352.45
2162.07
2196.23
845.88
1757.9
1106.15
872.31
932.35
1732.91
2222.84
1294.53
552.49
1662.99
794.21
1965.71
1783.31
1234.32
1715.34
1841.37
1534.64
1039.34
2417.69
1695.3
1295.51
1264.54
1600.1
1879.9
1499.19
904.75
1152.17
1213.17
2210.67
938.96
1699.62
1383.03
2410.88
1567.14
1468.28
2422.56
1366.11
2246.02
1607.47
1326.36
1696.58
2100.05
1511.55
834.2
1810.04
1091.4
753.04
2279.54
1338.72
2191.19
1039.85
1519.2
1095.71
2421.63
1760.55
2583.45
1483.32
1714.72
1849.97
790.94
1654.58
808.49
1356.74
1263.28
1415.68
868.16
1782.76
1885.09
1722.61
1280.57
1299.92
1651.13
2284.2
2047.05
691.04
908.45
954.43
1753.67
1326.1
1607.55
1391.14
1286.93
368.06
1869.57
1928.89
1140.63
1608.9
969.94
1848.9
1483.01
1592.38
623.41
2492.18
1399.0
1768.19
1878.31
1334.0
2069.69
1326.37
1580.83
2403.59
372.81
1072.69
395.94
1701.76
1097.06
952.73
2325.1
1532.88
1208.94
1300.01
1331.01
2097.89
2231.94
426.25
2120.7
1164.76
2689.06
1106.99
1958.43
1630.25
2266.22
1806.67
1714.41
1009.75
1663.61
782.21
1811.27
1855.3
1090.6
1151.12
1377.14
1351.23
2019.87
247.46
1824.03
1908.7
1548.18
1077.66
726.21
1729.2
1521.49
1358.07
1420.04
1119.32
1503.83
1258.31
946.33
1893.23
1566.1
1280.16
1516.78
1121.0
2023.49
1999.4
1160.58
1130.39
668.84
2001.73
1112.53
759.02
1526.36
1259.83
1920.89
1775.0
954.34
1742.46
1069.21
2259.76
1016.71
1480.81
1066.15
766.76
1580.02
1634.3
1419.93
2586.98
1274.88
1054.36
1165.72
1859.65
647.5
1652.89
1286.46
1212.14
2250.26
2641.59
870.59
1229.8
1049.82
2009.94
1816.28
1157.27
1459.63
730.67
2004.0
1604.83
1544.32
1560.76
1353.45
2386.31
1497.6
1752.7
1011.64
1713.79
1754.82
1566.7
1186.47
1175.83
1474.77
1204.88
1748.74
1321.12
902.99
1567.41
1092.74
1509.99
1125.94
1684.93
2268.4
2129.8
1030.28
2096.28
1224.75
1560.19
1214.03
1668.62
1527.31
1218.75
1926.1
1492.72
1587.57
886.1
1055.93
1853.72
1964.34
1730.1
1701.34
2374.82
1840.84
1539.92
1878.5
1493.72
1668.43
1825.64
1748.8
1413.09
1588.29
1776.12
1299.05
982.16
1004.71
2232.53
960.56
1916.1
1930.32
2514.19
1537.78
1070.49
1449.29
2692.03
363.41
1326.51
1106.36
2082.56
1547.6
1177.03
1416.6
1130.97
759.96
1049.99
1569.63
2484.18
1494.59
2518.78
1600.75
1819.47
1954.74
1901.39
1089.33
1911.15
619.69
1205.93
1373.34
1469.59
1028.1
2048.9
1295.15
1444.2
1478.8
1707.97
1582.6
1519.97
1815.95
952.05
1516.05
2176.32
1933.98
810.38
929.86
1714.38
1285.67
1344.79
632.15
972.46
1290.26
1971.14
976.21
1005.06
925.12
2131.89
1284.87
1135.71
1021.12
2073.08
1292.14
1948.42
2170.47
1558.88
1025.86
668.33
1739.7
1272.46
853.29
1588.85
2520.28
1394.89
2491.41
1477.13
1598.74
1254.39
1147.01
1184.07
975.79
1683.39
1815.99
944.5
1306.99
2574.03
1372.18
1020.12
1957.42
1650.84
2505.07
1477.99
922.68
1243.92
1604.03
1245.06
1098.77
1555.12
926.43
507.57
2412.03
1743.09
910.07
944.62
1346.6
954.63
1743.08
1474.99
994.13
1476.01
2213.16
1861.35
1502.22
1779.88
1270.91
1178.18
1816.19
2339.34
2004.41
1533.13
1872.16
1525.32
2153.19
1474.08
1731.31
1260.58
1173.73
2199.85
1479.9
1176.43
1626.63
895.84
1455.38
995.8
1275.05
1020.75
2212.19
1472.97
1526.23
2015.11
1559.03
1384.99
934.89
1442.7
1253.67
1403.93
1655.15
1015.99
1131.67
1680.9
734.76
1464.06
1403.17
1796.27
2193.75
1282.22
1568.47
839.39
1942.15
734.6
1243.97
903.81
1307.89
1925.09
1634.55
1974.05
1380.65
1995.22
883.99
955.51
2455.96
1326.66
1139.55
1358.7
1636.6
1001.69
2182.11
1761.84
895.18
1610.33
2525.86
2045.32
1816.02
1521.18
994.52
1536.61
1036.34
1270.17
1587.68
992.79
594.04
2241.28
1784.17
805.06
1192.63
1932.39
981.96
1901.38
2147.61
1081.68
841.42
1551.36
1419.91
845.84
670.37
642.5
1811.81
2093.4
1369.85
1975.78
1006.75
1937.48
1658.56
1186.88
1670.04
2372.91
1628.48
1523.89
1678.3
1146.19
928.2
1583.64
1865.89
1777.84
2256.61
1101.92
1753.43
2011.22
1662.73
2504.06
1864.51
1668.63
1506.87
2261.8
2287.87
1000.59
1110.2
727.51
2208.73
1303.96
1687.14
2403.94
1964.09
1440.42
1532.5
1468.52
1326.0
992.52
1346.42
1726.24
881.98
1865.7
1178.06
1918.17
1346.29
899.26
998.62
1499.76
1646.37
1524.33
1984.27
1249.71
1825.47
1542.2
1395.42
1224.45
2142.43
1231.31
2545.23
1766.98
2140.72
615.93
738.84
2505.18
1345.38
1001.66
1738.38
1524.37
1974.7
1901.05
1329.51
1726.45
1654.06
1807.22
2354.74
1876.52
1716.97
1262.53
1517.14
1539.55
1110.53
1056.76
1595.24
1089.59
973.14
1412.73
1908.36
1012.26
1930.1
2255.02
652.17
837.73
1881.77
1208.06
1148.0
1671.08
1710.72
1046.4
988.14
2092.94
1108.26
1120.22
1966.91
1396.05
2003.08
1339.85
1886.55
1406.56
1279.61
2013.58
2321.44
1909.99
1230.04
655.64
1184.62
1916.43
852.75
1025.85
1903.37
950.26
2332.22
1598.16
1710.28
2471.86
1783.24
1461.56
1581.54
1803.59
1212.04
882.46
728.85
1053.1
1917.48
1876.08
773.9
1573.78
1309.31
1790.2
1718.23
2276.24
2482.57
1904.09
1324.91
2371.14
986.91
821.97
582.4
1858.61
1556.14
1086.41
1587.53
1408.05
2032.37
1957.99
2132.68
1174.28
1318.79
1455.38
1576.49
1888.26
2238.61
1106.8
1160.77
1519.15
1669.29
1441.13
1508.62
1589.48
1974.66
1445.99
1333.69
1536.45
527.37
1816.39
1944.37
1493.61
1204.3
1104.35
1452.42
1771.75
1239.36
700.6
1761.2
1209.12
2160.38
1199.29
1915.1
1027.37
1512.6
2435.8
2042.7
1494.22
2034.76
1284.94
1485.65
614.73
1285.8
2373.32
1039.71
1623.35
1283.67
1778.09
353.3
1850.36
1659.62
1115.98
2601.94
2312.62
470.96
1760.2
446.51
1661.68
1521.82
2078.4
1245.45
2254.56
1958.61
548.54
292.7
1276.61
1229.96
1391.55
1610.8
909.92
1670.43
1074.42
1987.51
1493.03
1218.68
852.7
921.62
1781.56
1866.69
895.01
1771.84
1605.35
1527.45
722.08
1059.89
1752.56
1431.45
1303.55
1309.82
1147.99
1713.6
770.83
1490.79
1854.18
1981.47
1697.53
1697.71
1348.08
906.99
2364.47
737.1
1516.93
1505.66
1623.32
1378.0
1038.59
1719.28
1449.7
1407.32
1277.47
2091.03
2494.77
2006.48
979.28
1984.05
1158.61
1326.06
2250.56
1675.93
1814.1
877.55
1118.89
1400.06
1659.54
1279.7
1844.67
2074.11
848.66
1606.57
1756.42
2341.77
788.38
1156.61
1023.7
1243.62
2341.69
1196.56
2243.01
1380.3
1241.27
826.09
1786.97
1138.25
1887.89
644.77
1173.8
1412.83
1161.24
1632.6
2053.17
1230.82
1625.85
913.58
759.71
1742.59
1311.7
930.78
1409.53
2377.99
1022.25
1548.86
1481.41
983.34
1332.74
1627.93
1566.65
1360.91
1487.38
567.5
652.58
2012.86
1344.0
1201.49
1038.07
1580.1
934.02
1201.72
1850.32
866.46
1372.32
1344.95
1458.71
1619.14
1323.46
1910.57
1654.93
1809.59
1172.73
2657.38
1270.95
1685.84
2624.75
1146.58
1852.97
1418.2
1730.64
1268.56
1025.32
1505.27
1076.19
2271.62
2135.12
2105.12
1990.19
1841.7
1553.28
2017.59
1745.9
1531.92
1440.71
1007.74
1778.4
2688.95
1905.78
2027.68
1087.13
781.31
1239.95
1568.99
1786.24
2204.37
591.13
1294.55
654.21
1297.21
1905.28
1272.92
1812.76
1421.19
1093.03
1881.48
1591.18
1690.32
1439.41
1126.18
2530.88
1858.62
680.35
1269.09
1523.76
990.68
1722.02
1469.57
1555.33
1506.04
713.51
655.49
2500.4
1212.88
1935.13
2260.03
1948.5
1941.22
2077.65
1280.92
1071.93
1695.43
1296.5
1503.53
742.17
1908.59
1979.85
1271.67
507.06
1185.07
1276.53
1560.55
1542.89
1827.89
966.22
745.57
1039.34
1131.79
2089.81
1465.76
863.56
2012.73
1637.88
1967.65
1285.35
809.61
698.22
1405.57
1780.47
2441.51
480.71
2197.82
1768.92
2126.7
1581.75
2132.2
1327.56
673.13
2072.74
1777.49
1772.16
1653.24
987.76
1545.91
1351.86
637.41
2205.2
1263.66
1141.8
1632.8
1393.12
1011.02
1689.28
2720.86
1766.62
693.43
1378.88
1075.24
1669.62
1617.48
1422.05
1724.96
1419.63
1775.91
2177.63
1766.63
1490.7
1527.39
2243.53
1236.74
1623.42
1600.48
1201.81
1188.17
1514.8
794.67
1648.49
850.61
1478.38
1283.97
1045.79
1401.3
847.91
1311.5
2329.15
937.72
2144.95
1546.8
1513.97
1291.86
1646.45
2588.98
1366.29
1775.8
1036.53
1328.56
887.81
1926.11
1459.4
2228.06
1816.58
1975.28
878.46
1248.7
1722.29
1950.58
995.35
1639.37
1348.4
777.39
1897.78
1785.29
1964.57
1535.66
1735.66
1317.45
2086.48
407.32
1277.57
1036.55
1346.18
964.51
2005.83
1251.87
1429.03
1390.53
1691.48
969.19
132.16
983.26
1613.19
2059.28
2275.86
2210.97
1863.71
1790.87
943.18
1333.54
1046.85
1605.63
1778.65
972.15
1168.34
1975.65
1540.14
782.41
1398.97
1995.33
1624.54
1884.09
2009.73
1706.76
2289.15
2109.53
1591.61
2330.59
1383.35
1468.25
587.22
1043.69
613.96
2250.45
1958.81
1784.61
1320.95
1612.47
1058.32
1144.87
750.4
1871.74
1953.78
1437.99
2283.78
1551.99
1083.72
1634.51
1196.62
1535.82
911.81
1728.24
1138.65
1293.53
871.79
1988.89
1918.4
1699.98
1683.64
860.87
1973.35
1210.26
1087.49
1622.31
1226.41
1374.2
1578.91
1414.7
964.95
1233.46
2442.66
2068.01
930.6
1997.34
1432.53
1886.1
871.28
1860.65
1842.83
639.85
1253.1
1541.29
273.72
1447.01
1559.38
1471.29
1842.81
1599.58
1213.86
1915.46
2058.01
803.18
1953.22
755.08
1662.76
1322.98
1446.88
2280.32
1986.82
1700.03
1597.13
1289.28
2343.01
1364.78
2084.09
1360.64
1515.53
1304.94
2011.02
448.35
771.05
998.39
982.26
2444.21
732.64
1451.89
2334.9
1371.18
1584.45
437.2
1242.61
1139.57
1064.45
869.39
835.89
1587.98
1668.61
2651.4
1521.66
2291.43
1002.7
1355.37
1789.03
1909.47
1525.18
2083.52
929.98
1320.86
1392.61
998.99
2666.25
1646.02
1907.39
1288.96
1622.2
1113.32
1151.19
1040.76
1899.63
1730.72
1622.23
1256.08
1861.58
2288.83
1738.51
350.15
1774.16
2027.22
1397.57
846.64
1504.13
1308.14
1394.09
930.16
2548.63
1541.7
1372.03
1590.05
2323.55
1711.68
1130.1
1840.44
1631.03
1173.67
462.67
1730.99
1830.34
1188.89
1437.89
2392.29
973.77
558.75
759.5
2207.66
964.06
