381.65
132.30
383.70
137.68
387.39
129.01
385.92
180.54
171.42
246.75
148.62
116.63
209.23
362.80
214.45
374.06
365.66
303.01
364.60
353.27
281.28
119.28
166.95
207.45
370.48
181.47
178.63
221.84
158.74
357.56
256.55
267.07
262.77
163.09
218.90
224.93
279.57
124.23
352.25
275.62
123.03
178.30
228.52
310.17
110.29
123.24
375.90
160.67
311.50
244.17
355.74
330.78
149.59
361.13
326.50
288.00
368.86
257.80
115.40
367.81
114.60
224.39
233.04
159.79
367.11
316.96
251.97
361.35
377.96
373.82
242.21
304.84
117.79
381.65
222.14
345.56
128.85
278.73
270.76
207.88
227.74
219.43
218.74
132.43
308.88
369.61
159.56
237.16
160.06
238.64
174.37
243.91
342.93
154.63
265.64
311.42
290.19
189.66
317.73
269.50
874.69
1279.52
940.71
1379.65
1178.95
781.97
1145.33
1199.96
894.31
1124.72
868.62
1293.79
1177.88
1227.91
1218.49
1234.62
850.33
861.48
1052.30
881.57
1339.46
1277.09
978.49
1133.33
897.19
1305.26
817.54
890.45
774.39
815.43
1209.23
1010.26
1029.82
858.78
1127.82
757.68
966.52
1135.39
1218.68
941.11
873.04
953.69
1112.84
784.71
1036.76
1130.11
1387.07
1301.16
901.77
1193.42
872.04
1279.60
1059.42
1203.68
1096.82
908.58
1157.46
1024.55
780.97
860.20
1097.15
669.73
1107.76
986.54
1214.91
1129.31
796.35
828.19
1336.87
527.65
740.16
955.22
937.79
999.49
1070.81
1137.51
1273.83
867.96
742.74
905.06
1236.25
1060.85
930.71
1354.84
1058.98
911.46
921.16
904.84
979.87
1204.20
1317.47
1082.87
993.58
725.95
659.64
1118.13
1015.33
667.34
681.89
951.02
1773.10
1508.22
1826.93
1258.09
1400.88
1862.99
1444.82
1157.22
1297.60
1632.23
1393.62
1345.23
1485.07
1367.16
1656.30
1639.90
1420.40
1476.45
1413.22
1444.35
1244.34
1656.17
1954.00
1718.10
1828.23
1192.69
1460.41
1606.40
1382.30
1665.30
887.57
1391.15
1480.97
1618.46
1166.79
1685.90
1372.95
1421.33
1549.36
1457.65
1398.63
1378.65
1126.83
1370.91
1715.00
1624.71
1542.70
1842.90
1505.10
1694.07
1510.65
1437.30
1578.56
1511.26
1828.10
1300.66
1337.47
1068.84
1495.31
1453.06
1432.96
1682.90
1762.61
1511.29
1456.80
1738.80
1650.20
1389.88
1704.96
1754.55
1498.89
1680.22
1312.60
1223.19
1042.24
1314.00
1787.33
1422.07
1341.65
1298.04
1687.72
1297.11
1628.65
1823.40
1425.14
1579.41
1727.10
1188.29
1655.80
1308.64
1612.28
1539.66
1674.57
1883.70
1356.73
1384.32
1348.84
1926.50
1553.94
1649.80
1346.48
1020.58
1023.84
893.84
1004.98
828.68
746.11
1110.95
1071.55
1220.30
922.00
971.40
1027.69
907.36
905.98
944.12
1058.14
651.15
871.58
786.61
1143.72
833.89
809.53
1118.01
1180.48
870.32
1206.07
1194.48
811.43
970.00
542.58
649.43
711.80
1358.37
1052.66
845.69
768.04
606.58
1012.29
1092.72
651.84
828.88
1039.15
1329.11
989.66
963.68
1107.20
603.00
831.47
1127.66
1292.94
1030.74
714.17
1123.79
674.05
724.43
1036.47
1132.68
632.30
703.92
753.13
861.57
1326.48
1090.23
574.90
1309.03
1212.23
826.77
720.04
884.65
1133.55
839.24
1141.43
1024.30
1095.79
1138.27
1051.38
653.71
786.20
1296.04
792.96
1043.66
1008.85
592.56
1142.61
833.37
1354.00
492.02
862.54
1114.70
721.89
1023.52
755.83
1009.01
1324.83
1150.24
1109.31
900.68
1158.49
1221.09
1352.94
673.76
1216.15
1291.04
838.15
673.20
1287.94
1008.94
709.60
1429.42
722.29
986.38
1122.18
1005.61
1048.47
798.08
1493.18
555.30
1419.93
506.00
1065.65
663.97
867.62
997.57
937.64
978.25
1336.85
882.46
548.58
1477.27
589.98
781.15
1241.72
1016.56
761.17
1438.74
857.51
891.36
1007.71
925.96
1092.68
1238.58
669.58
678.87
746.70
1328.20
532.85
1018.60
1439.66
693.14
397.80
425.62
500.49
705.24
913.88
684.02
896.34
870.05
557.42
613.38
935.86
915.36
803.95
759.40
1101.59
603.10
971.86
898.47
943.28
441.83
763.63
788.06
953.88
829.82
791.46
1019.23
879.88
1113.20
1027.46
537.72
662.85
746.27
431.05
466.76
944.72
737.44
1157.77
867.75
734.72
1179.19
578.42
532.97
574.67
865.68
538.86
445.97
867.54
796.76
972.48
903.91
891.47
848.28
663.27
388.22
903.81
385.60
1017.25
630.46
843.86
592.17
806.34
723.81
661.61
539.36
427.60
813.71
801.77
1046.98
824.28
569.26
1027.45
948.55
1015.14
539.33
649.23
541.69
629.75
641.72
1034.59
496.87
673.15
915.83
662.30
703.85
445.32
645.05
1179.13
481.44
998.18
623.33
679.55
820.57
764.88
327.22
565.47
528.19
970.17
1050.73
532.73
995.03
1099.76
916.53
1002.91
1279.38
991.99
647.86
957.26
1000.43
1063.47
1036.40
1061.10
1136.71
1223.28
925.77
1069.37
1004.44
856.52
762.23
1211.07
1247.60
784.08
761.71
1014.56
1343.74
1028.95
1006.63
1235.26
952.12
1150.78
776.33
901.30
919.39
775.38
793.83
1095.53
1127.24
1245.80
1190.92
921.74
1214.98
1289.77
1226.89
1257.45
1312.38
1039.41
1062.62
1144.71
1199.30
935.04
1043.19
1219.00
934.71
1381.09
1114.83
743.12
1053.81
996.04
740.62
898.15
1139.50
1084.92
1099.52
954.56
1332.09
1060.36
1056.59
910.00
1077.03
1129.84
847.47
1343.18
611.46
1108.10
666.56
1143.16
1066.08
1261.71
912.64
1334.77
874.31
942.59
907.68
989.20
1093.25
1189.53
921.05
1212.19
1127.93
944.81
1233.96
643.43
995.56
920.12
1253.43
1279.88
948.68
834.51
1194.29
1186.39
938.33
1417.36
1441.20
1658.05
1495.57
1515.80
1772.91
1577.76
1642.50
1441.47
1588.10
1658.21
1593.36
1574.80
1628.90
1718.70
1687.60
1665.90
1582.01
1581.86
1668.40
1614.00
1552.62
1396.18
1562.90
1563.48
1557.40
1429.04
1554.41
1409.80
1529.24
1695.50
1548.97
1601.37
1630.10
1473.83
1684.30
1427.25
1713.63
1793.50
1418.60
1500.04
1703.41
1615.70
1476.73
1530.45
1765.90
1510.50
1682.70
1727.89
1605.80
1456.05
1662.38
1400.94
1547.42
1741.29
1638.40
1571.70
1483.00
1465.80
1387.77
1549.00
1522.50
1511.00
1632.00
1571.30
1680.00
1631.31
1497.00
1798.70
1433.02
1683.21
1440.53
1536.50
1620.90
1711.90
1575.37
1476.07
1490.29
1711.36
1455.62
1717.50
1342.14
1584.88
1780.30
1421.25
1422.96
1694.40
1365.75
1438.16
1484.87
1453.31
1536.45
1702.97
1571.32
1628.01
1618.11
1719.60
1425.98
1389.92
1637.20
1066.02
898.54
1116.67
1942.60
1211.89
793.70
1349.56
1429.88
676.46
1594.25
1917.15
1307.69
1829.77
1859.82
1313.21
1995.73
1700.04
1497.30
1827.60
1841.58
1099.63
1953.88
1665.90
1837.90
1494.65
1302.21
1267.24
1057.79
1910.30
1521.72
1781.60
1238.74
1718.28
779.25
1279.33
1915.30
919.24
1834.30
1569.26
520.69
1758.70
1559.49
1519.30
749.39
1056.44
1673.70
2024.70
781.61
1682.70
1196.30
1406.36
1078.80
1597.28
1865.86
1532.94
1429.69
1456.91
1565.00
1120.99
2077.50
1475.30
1380.11
516.67
205.09
1279.62
1043.55
1401.97
1946.10
1068.78
1088.56
1741.99
1083.01
1081.81
566.49
1270.30
1351.57
1517.31
1329.80
668.00
1495.33
1477.28
1251.34
1204.72
1381.14
583.25
1832.31
1150.89
1730.07
1005.77
1814.40
1769.19
917.64
1610.69
1115.74
1219.01
1442.74
1731.10
1006.39
739.94
1001.79
1620.20
1500.60
1483.60
1827.50
1630.50
1624.80
1561.30
1457.80
1075.50
1688.90
1655.98
951.48
1337.49
1116.98
1260.47
1499.03
1745.37
1161.24
1351.43
1517.15
974.49
1514.35
1351.69
1265.15
967.16
1767.02
1395.01
1371.40
1330.73
1857.85
558.15
1153.96
1077.49
789.32
674.62
1184.97
1022.73
912.76
1596.00
945.42
735.30
1127.68
818.55
1853.10
1180.05
1865.80
1868.64
1103.75
844.15
1702.54
1299.80
1520.01
1794.52
1776.00
1213.58
709.43
1297.63
686.88
1311.04
1640.13
1900.70
1082.80
617.70
1077.91
1600.22
1545.86
1140.70
1412.04
1297.62
1803.96
1762.18
2074.20
1070.40
1865.91
1126.12
1120.57
1622.60
2178.60
1344.50
1613.10
1325.69
1882.10
1748.39
1578.18
1625.66
1207.08
615.85
776.89
828.39
1694.12
2012.30
1733.81
1163.87
1079.59
1117.91
1194.38
1604.66
1579.60
1068.29
1604.20
1263.85
1102.01
1967.80
1257.25
1033.62
1611.00
1127.26
1382.39
1285.10
2014.70
1250.84
1602.42
1650.66
1253.45
1640.60
1963.65
1925.18
1950.50
1402.73
1387.31
928.77
2118.47
1608.10
1756.70
1135.34
1321.40
990.27
650.67
1189.00
1874.78
935.69
1473.44
1555.37
1619.20
1948.70
1315.41
1721.06
1999.70
2059.90
1765.20
1326.38
1369.10
1737.30
1210.92
2038.37
1628.31
992.97
1490.49
1713.00
1607.70
683.67
829.53
1952.40
1436.00
1695.96
2198.60
1275.98
1946.90
1498.96
1974.90
1518.51
1799.60
984.80
1413.20
1473.58
1333.00
1029.38
1259.14
1428.28
1770.10
1405.81
1244.04
1235.32
1760.20
997.09
1550.55
1678.90
1792.70
1919.10
1153.73
818.96
1218.20
717.74
1155.91
1117.03
1060.13
1421.80
1096.65
1341.80
1389.49
1283.60
879.46
1883.10
1439.12
1104.46
1388.23
803.89
1667.24
1006.67
1443.70
1071.38
1722.98
853.28
2123.00
1237.80
1553.99
1711.89
1433.70
1297.71
1914.60
1817.24
1374.81
1358.68
1350.10
1531.78
944.31
1734.21
1754.31
1770.86
1405.80
1185.76
1750.06
804.18
1299.14
1063.30
1362.36
1295.49
1341.19
1745.64
1052.16
1364.94
1581.54
1396.91
1605.84
1150.91
614.86
1157.14
1931.34
1738.94
896.30
1795.00
1125.99
1274.28
1379.47
1362.28
1190.08
455.90
1263.22
1837.60
1738.50
1184.35
1075.21
1886.00
1193.81
1887.56
1794.80
1469.42
1242.00
1180.65
1851.90
1879.10
1782.53
1533.30
1835.94
1292.41
1420.29
1658.60
989.53
1746.80
1416.05
1244.03
1321.49
1964.00
783.80
1380.50
1147.47
1611.70
1585.24
1368.82
1293.00
1195.30
1794.30
1652.03
1302.63
786.12
981.51
1163.35
1260.12
1698.90
1749.19
1217.13
1216.61
1473.98
985.16
1395.69
1183.86
1436.45
1851.84
1764.00
1024.26
1344.75
1352.51
332.25
2148.20
1086.33
1321.81
1521.90
1450.60
1880.63
947.21
835.27
1579.80
913.05
1864.38
1396.20
1726.41
599.58
1215.97
1452.21
1363.44
1581.98
1229.26
1532.17
1615.60
1361.95
1476.16
1641.09
1274.90
1975.80
1681.00
867.08
1500.80
788.86
1495.90
1785.93
1795.62
934.55
1193.95
1534.84
1386.65
1768.22
1277.44
1577.19
1603.34
1704.36
2020.30
1892.10
1375.58
1542.91
1317.04
1451.91
1339.45
1320.44
1354.38
767.51
871.28
1693.58
1080.14
1803.00
1142.83
1742.47
583.82
1748.13
1348.60
1559.80
1761.38
472.31
1262.43
1711.40
621.77
1454.33
1369.24
1163.62
1794.04
1115.02
1820.10
1052.22
1328.32
939.00
1380.09
1194.20
1539.24
1267.57
1650.11
1617.24
611.54
1345.82
816.96
1236.55
1303.36
710.79
1657.66
727.30
1104.47
1398.39
1480.10
1683.34
1978.80
1630.50
1148.08
1865.21
1617.60
1227.00
992.94
869.46
1201.66
1362.06
1326.79
1477.80
1791.26
1367.45
753.24
1580.12
1459.28
1411.20
1466.59
1989.00
1308.76
1324.21
935.45
1359.29
987.43
1125.84
1665.43
1136.76
1692.94
1731.40
1176.05
1088.46
1451.58
930.00
1549.26
1066.82
1129.83
1561.95
1239.88
1807.37
897.36
560.50
1528.74
1249.76
1908.10
1417.00
1686.60
1127.01
1644.16
1355.30
1299.40
1124.52
1302.56
1873.83
1084.25
1635.54
1132.42
1719.94
1967.90
1980.40
1797.35
978.35
806.74
1417.87
1221.23
1250.90
1368.44
1873.50
1555.05
865.08
1251.12
1458.14
1166.16
1428.01
1074.91
1172.24
1427.94
956.99
1100.40
947.28
1311.68
1038.76
963.74
1420.45
1466.23
1525.23
1589.72
977.76
1257.38
1563.60
791.22
1424.47
935.29
621.57
1081.03
919.91
1143.47
1012.08
1701.32
1504.08
1555.28
1012.95
1548.57
1390.22
1354.66
910.39
1391.40
2171.80
1785.46
1347.25
1519.87
623.02
1785.70
1161.90
1361.14
1003.99
1528.70
1534.33
1360.40
1245.22
1258.86
1128.40
1863.80
1924.60
1889.40
1176.26
1517.26
1643.68
1551.60
1236.31
745.34
1562.10
1235.56
1843.23
1122.85
1421.57
1835.88
1428.88
1096.70
1956.60
1418.92
1456.52
929.92
1176.67
2000.89
1583.32
1599.08
1875.40
1368.68
1195.69
1949.88
1198.42
1330.52
1321.62
1382.93
1556.27
1772.91
1115.99
762.01
1636.81
1168.44
1572.52
508.53
1104.84
1173.58
1004.63
1944.94
938.75
1377.41
1508.73
1610.40
1269.67
1844.80
1782.15
1342.36
1309.45
1796.79
1206.82
1689.92
1612.36
1574.55
637.05
1333.69
1375.76
1019.51
1323.30
1753.76
1349.32
943.99
1576.38
1221.94
1368.34
1767.65
917.54
1889.90
1172.94
1857.70
970.24
1573.62
1206.01
2138.30
1066.25
1282.50
1906.09
1815.75
1191.24
782.45
1141.86
1781.50
1296.76
1546.30
1149.52
501.20
1384.90
1079.48
1126.51
1357.98
1975.00
1009.16
1154.38
1693.72
1557.48
715.76
1491.03
1103.89
1186.99
1452.36
1382.84
872.31
1338.83
1226.84
1441.33
1297.14
1931.70
1215.26
1010.26
1011.97
1320.93
1807.72
1482.19
1203.36
1267.56
691.00
1922.46
1404.07
796.38
1069.18
2012.30
1597.16
1637.20
1381.14
1671.50
948.09
1536.85
1953.30
808.42
1952.45
1500.72
1595.98
740.03
748.86
1302.57
1354.21
1869.20
1055.62
1996.80
1275.23
1194.86
1514.80
919.48
1272.41
1916.80
1738.00
833.45
959.76
861.20
889.42
1011.23
1170.45
1606.96
1205.30
1369.63
774.75
958.73
647.28
1723.38
1152.97
1460.34
1419.25
2137.10
1575.12
257.47
1311.55
1007.63
922.78
1427.05
1327.70
1289.98
1729.00
1922.90
1916.33
915.74
463.37
1289.30
1619.58
1538.05
1361.59
875.24
1551.18
424.16
587.08
1595.88
1483.13
716.24
653.31
903.85
1336.44
1352.61
1139.12
1720.20
444.42
1032.47
954.37
1223.24
1595.61
1768.40
1576.09
1443.40
1793.30
1172.32
1927.50
1006.38
1625.30
1363.00
1194.27
1789.65
1131.76
1343.26
1331.30
1390.99
1489.25
1769.68
1762.50
1217.76
1421.99
1047.21
1171.33
1360.36
1507.90
1365.67
1185.96
1776.10
2162.60
1555.40
1785.30
526.96
1343.12
1204.65
2145.80
1270.86
1065.44
1283.74
915.79
1828.90
1756.40
1789.99
1462.78
1789.57
1411.92
2184.60
1446.10
662.52
1056.83
1207.47
1068.81
1351.16
1172.24
1103.69
1521.75
1421.97
1715.81
1298.80
798.61
1121.32
1488.05
872.47
1483.70
1379.49
1411.14
591.72
905.47
1112.82
1125.40
1472.48
1306.16
1472.50
1724.64
669.10
1451.96
1179.58
1453.05
1199.45
1007.46
1394.60
1284.45
1872.80
2099.90
1867.90
1215.73
1142.32
1634.65
1337.20
1163.50
1341.40
1506.24
718.10
1427.21
1711.83
1784.72
1416.50
1028.91
1060.96
1185.23
890.31
1744.00
849.46
393.01
1034.27
707.67
1476.80
1212.65
1167.14
768.92
1193.07
1607.84
1153.86
864.61
1689.52
1331.26
1155.47
1884.14
1949.50
1369.29
1410.90
540.41
1214.99
1507.66
912.88
1214.25
1217.78
930.95
1912.70
1293.41
1300.34
891.27
2018.18
957.02
1803.76
1445.28
1181.42
1357.42
1577.69
729.71
1174.98
570.50
1231.99
1525.74
1960.00
654.54
1602.00
720.84
1520.02
1392.03
1333.70
1796.32
1090.47
1287.67
1450.40
1169.64
915.53
1181.05
1885.67
1863.60
1389.21
1561.57
2057.00
1672.04
1049.73
1227.34
1450.04
1045.62
1287.00
1419.50
1274.68
1722.56
1512.53
1668.26
1848.04
1537.06
1663.00
1835.88
1669.00
1237.12
914.07
1339.44
1850.10
732.43
1722.58
1032.67
1329.55
1705.91
1644.15
1898.30
1544.23
1466.10
1635.08
1312.99
1546.10
1635.96
2094.20
644.58
1075.52
1252.21
1670.11
1464.25
1413.00
1895.51
1328.78
947.14
1046.66
1650.24
1417.18
568.58
1604.90
905.27
822.22
1797.10
1389.47
1250.53
629.32
1573.30
1359.99
1948.70
2035.80
1251.17
1355.70
1315.16
2044.60
1473.16
1155.90
980.98
1128.81
1326.99
823.96
1678.90
1761.94
1083.82
2025.29
1638.98
1523.10
1463.74
1163.22
1829.90
1365.00
1967.40
753.33
1375.49
888.30
1296.07
1493.80
1635.90
1394.96
1877.33
1637.46
1256.47
1295.36
1356.60
1372.43
1812.62
1336.75
1108.89
755.04
1623.10
1616.45
1499.18
691.67
1069.88
1270.90
912.76
1001.80
1005.41
491.51
1096.63
1059.00
1304.10
894.59
699.54
840.48
1610.60
627.37
773.22
1656.84
1563.51
1683.94
1847.66
1421.99
1570.98
1249.80
1428.71
1297.80
1056.98
1768.00
1579.30
1234.79
776.70
1392.86
1380.14
1294.39
720.87
1362.06
1686.03
1489.83
1097.26
1432.13
1312.47
1799.76
2020.79
1161.60
1311.82
1824.90
862.16
1015.58
1167.40
1462.96
1026.11
919.34
1571.70
1454.90
1630.50
1250.66
1361.12
1484.90
1317.00
1957.90
1731.22
1966.57
1440.48
1126.45
1766.90
1197.96
1271.42
1556.63
1197.01
1383.35
1192.12
1431.43
687.23
1445.24
1638.58
894.77
806.90
1329.93
1410.16
1632.13
616.73
658.95
1469.44
1597.54
1808.81
1165.78
2109.90
1832.60
1843.50
1423.06
1278.77
1187.43
1120.19
1436.86
1490.20
674.78
1263.92
778.79
1708.49
1761.40
1100.43
1607.44
1059.45
1263.70
1804.70
594.01
1118.23
1030.47
1786.65
1828.33
1364.33
797.62
1119.78
1717.00
220.45
774.21
1512.56
1459.56
889.92
1444.25
1482.10
718.95
845.20
1365.95
1785.30
1454.78
1613.20
1958.50
1048.64
1789.45
1614.94
1510.90
1539.20
1343.68
1409.36
1971.75
889.87
1739.87
1073.38
1773.69
1301.47
865.72
1557.47
1626.68
1247.50
867.10
1178.63
1877.30
1307.17
1252.03
1222.13
1311.01
1274.26
1729.90
1720.05
594.66
303.19
906.56
1374.51
1835.86
1637.20
1503.93
1219.35
1891.20
1694.20
1762.80
688.38
1839.68
1513.47
1221.64
1587.20
1967.40
1051.25
1882.40
1239.90
1219.21
1149.94
975.83
1291.02
1361.64
1399.00
1080.36
1727.55
403.00
1834.80
1182.98
1123.67
668.95
866.25
1923.66
1474.80
1835.10
1341.57
1915.40
1076.43
1005.38
1693.61
1642.15
1116.10
694.59
916.22
1555.11
1713.20
1243.77
634.26
1441.65
775.00
854.88
1803.92
1374.30
1468.22
1093.30
1369.50
1712.65
1708.48
1118.63
1205.54
1874.00
1484.37
547.20
1958.10
1795.09
1752.87
1727.90
927.67
1120.53
734.30
1636.64
1663.80
1052.70
1471.52
1854.12
577.05
922.55
871.11
1774.04
1329.69
1733.91
983.57
1578.32
1560.89
1507.21
1873.10
738.07
1826.80
1068.62
1239.90
906.59
1737.28
1381.57
1854.72
1845.74
833.37
1363.02
1185.59
1954.06
1735.85
1260.60
1444.40
980.52
860.04
1249.39
1082.37
1106.10
1124.96
1753.93
1204.33
1324.93
1213.66
1663.09
1129.90
1630.53
1776.57
1547.92
1839.50
1600.98
1656.60
1165.05
1390.09
1207.27
1979.50
1635.40
1142.06
1362.35
1375.46
1455.02
1558.38
1299.21
1782.66
1171.40
1279.85
1284.72
1754.60
845.82
1376.76
957.14
1741.70
1782.45
604.65
1589.58
1994.60
1856.60
1160.83
1167.94
787.38
1064.83
1738.30
1503.77
1365.40
1168.88
915.93
1185.23
1414.80
1197.47
1873.12
1328.60
340.27
1255.13
1377.80
1888.68
1301.05
1564.69
1895.40
1066.45
1238.77
1547.70
1559.89
1099.54
1364.18
1178.42
1337.30
1461.01
1683.75
1546.08
1317.53
867.32
640.02
1426.63
942.97
1426.38
871.83
918.47
1183.73
1443.02
1311.67
1090.72
1753.30
941.44
2011.10
1034.70
806.73
1686.55
1133.19
1409.30
1996.70
1213.84
1880.30
1948.69
1764.31
1025.15
531.60
1056.93
1228.02
1780.10
704.93
1763.30
1848.00
1025.00
1678.88
951.98
683.88
1459.35
997.93
224.47
986.75
1479.19
1690.44
1665.20
1985.10
1456.86
1726.64
1497.64
1192.15
1490.79
1454.37
910.30
1252.54
1421.82
1922.52
1582.84
1593.10
953.77
1854.57
1383.16
1142.66
1083.04
938.75
1931.70
1060.46
1728.43
2125.90
753.08
1867.99
215.04
1943.30
1050.29
1800.50
1760.13
775.58
1916.44
1962.10
1304.10
1264.20
661.07
1265.78
1670.58
1245.35
1117.54
1779.80
897.35
1727.00
1430.60
1356.54
324.23
1903.00
493.98
289.47
1641.82
1221.00
1739.80
1320.66
1271.71
1864.10
1350.30
1327.50
1443.98
1434.40
1271.86
1830.94
889.43
1512.21
1086.68
1203.37
1500.76
1546.20
1855.41
947.95
1236.85
1192.16
1925.94
824.44
679.54
1022.44
1337.28
1039.18
1009.47
1561.50
1168.09
1785.78
936.91
1809.27
886.08
1897.70
1921.59
1445.89
978.14
1301.78
1050.76
1947.79
1512.89
783.60
1692.56
957.76
1171.48
662.61
944.08
516.94
1610.10
1966.20
1695.82
1796.78
1279.78
656.16
1318.66
1840.82
1273.72
551.50
1270.20
1369.48
623.09
1098.73
819.71
990.86
1059.54
1740.67
1118.14
587.45
996.24
2030.80
1265.16
1905.18
2001.80
1030.90
1414.08
2010.60
1045.88
1220.88
1206.31
1437.30
1384.19
1505.50
1033.93
1937.42
1646.41
1389.30
813.55
1923.10
1591.82
1493.78
1677.00
1133.80
1371.48
1824.82
1512.15
1002.12
1319.43
1596.00
1235.93
673.91
1281.77
902.17
970.63
298.77
1315.11
1891.90
1680.08
1370.46
1346.12
1612.48
1565.70
1284.29
1004.73
1149.70
766.21
1548.10
1624.14
1266.35
1420.20
963.74
1794.80
1826.24
1612.36
906.92
1218.39
1404.46
1966.30
1304.66
1137.55
1287.02
991.51
1197.05
1972.00
1455.38
1650.00
1469.44
1123.33
1876.70
1142.07
1683.08
1407.43
1460.34
958.84
1419.00
1243.32
1644.68
1310.60
1386.31
1428.04
1362.47
1115.50
939.88
1592.40
1561.20
1380.64
1112.88
1493.86
1054.96
1072.01
1727.74
808.16
1784.15
862.77
1271.40
644.33
1602.52
898.18
647.31
395.82
1793.28
1641.12
699.99
1237.67
2002.00
1590.50
1267.49
1923.60
1378.38
1495.30
1297.78
1238.81
1962.50
1383.56
675.73
1943.12
1369.48
1426.51
1520.57
2212.75
1398.76
1620.27
1577.00
1139.51
1307.90
1449.77
1095.07
1288.60
1168.38
2140.20
1433.34
1342.99
1548.70
1526.28
1266.90
1927.30
1257.14
1141.88
1138.35
1288.60
1813.90
750.68
1602.54
1157.33
2206.60
1591.60
1118.36
1728.30
1669.70
1729.44
1507.95
1261.50
1189.38
1707.50
474.90
2067.90
1968.30
2028.00
1547.33
1886.20
1356.25
1238.10
1861.60
370.25
1562.80
1288.44
968.94
1942.30
1735.57
1222.98
1466.64
1543.71
1612.46
1227.24
1518.10
1768.60
1469.62
961.12
1594.37
1075.31
1173.37
683.77
890.43
657.16
1424.65
763.94
1303.08
1004.84
1411.44
1652.80
1802.10
1434.10
1902.80
1253.45
1105.14
1609.00
1953.00
874.05
572.50
1333.40
1408.12
1589.80
1458.35
1617.30
705.56
598.66
1730.60
848.21
1489.00
1104.50
1985.10
1535.15
1543.30
1308.27
1483.17
1088.69
1742.47
2027.60
1239.26
1717.56
1248.97
1281.53
1633.45
1410.38
2031.00
1345.00
1472.88
1049.78
2056.03
909.27
922.88
1235.09
1070.52
1496.67
1248.95
1299.81
1603.69
1730.96
1592.22
1392.57
1437.56
1141.01
1342.99
629.25
1644.86
1455.02
2016.00
1963.20
644.56
641.06
1549.59
1956.80
865.43
1896.40
825.03
1259.67
1124.12
795.25
1966.90
1151.48
844.82
1808.74
1629.11
1278.35
1124.92
733.83
1277.93
1498.34
1945.60
1402.18
1456.03
1554.09
1376.79
1964.32
1617.00
1611.39
1840.00
434.32
1525.33
1382.61
1662.20
525.41
764.39
1807.50
1792.10
1661.94
1207.31
1219.36
1938.70
1794.42
1412.83
1632.48
1352.50
1005.89
1679.45
1425.85
1305.73
1370.84
1042.34
868.14
1792.15
1933.45
1595.62
1916.98
2093.13
2003.20
1439.40
1395.70
848.90
986.34
1289.97
868.78
1237.97
1354.95
1717.20
900.23
1725.84
1263.00
1640.48
1641.55
1214.39
1465.40
574.72
701.39
654.64
1206.33
1158.48
1616.10
1532.54
1836.83
1262.60
1524.65
1313.43
479.23
921.02
1554.40
1415.65
1478.56
745.87
857.32
1273.90
1051.82
1392.37
1398.73
822.86
1257.68
1405.70
1805.83
920.67
1113.48
623.47
723.95
1905.17
1537.57
1784.00
1268.78
1501.60
1431.82
1505.00
1992.40
1185.28
1753.41
1359.28
1464.00
962.56
1263.84
1375.40
330.19
1886.10
1963.18
1434.32
1213.19
1236.43
1353.80
907.62
1420.41
1285.40
1417.40
765.56
1618.70
1822.53
1680.78
748.60
1570.87
1913.43
612.14
1790.64
1691.22
1066.29
1080.94
1792.36
1610.57
936.08
1482.10
1238.52
907.26
1149.42
1786.10
1276.88
988.98
2103.00
1300.02
1005.10
1716.12
1950.46
1062.09
871.71
1611.78
873.98
800.25
1586.58
1215.75
500.48
1528.70
435.35
1305.62
976.36
1506.06
1614.70
1675.66
1235.51
1324.41
532.76
1128.84
1439.79
1869.20
1248.93
1378.54
1796.16
1548.14
1158.81
1339.44
1365.86
1496.06
384.37
2077.78
1263.38
925.64
795.39
705.74
1918.50
1307.99
1184.18
1872.10
1709.60
1276.49
1631.36
1435.24
1065.07
1584.86
1426.74
1639.74
1861.55
1390.02
1982.22
1272.54
1456.10
1082.08
1371.43
1494.20
1892.50
1267.26
1045.46
1748.94
1226.08
1283.83
1559.07
1253.68
1275.86
924.61
1260.65
1056.03
2121.80
1000.85
1397.80
1615.86
1574.31
1927.45
1058.95
1224.89
1204.85
1554.96
1246.51
920.78
1036.23
1402.90
1210.04
1810.50
1342.85
1008.76
965.70
882.36
1312.75
2058.60
1309.80
960.93
1923.60
1262.70
1762.50
2181.00
1807.12
1611.98
1361.11
1298.60
959.34
560.36
1590.21
1905.29
1451.80
1276.52
2088.12
1336.60
1818.40
1383.00
1408.51
1002.22
1510.81
1599.84
1493.49
944.75
1686.12
1537.63
1271.39
1929.30
1173.11
1988.70
2014.66
940.39
913.08
1344.40
1537.40
1680.18
1589.28
927.17
2048.62
1500.20
1912.20
1296.32
1513.41
2025.60
462.93
736.00
1196.30
960.81
1679.19
1573.31
1698.30
809.01
1325.45
1724.84
934.11
1762.52
1670.52
1342.29
922.24
1584.65
1547.86
1195.42
1323.55
1993.50
1403.70
1205.72
1051.89
1205.16
1565.17
1634.36
1418.81
502.98
823.96
1317.17
1062.99
1224.45
1832.23
1471.86
1948.90
1872.40
1614.00
1344.10
1470.96
1213.79
1768.83
1730.74
1544.54
1912.40
2113.10
1777.28
1601.60
1315.88
1439.60
1526.50
1540.86
1027.32
1932.46
1560.63
1791.87
1055.71
1601.88
2104.60
1326.79
1631.40
1548.07
1939.10
980.69
1484.22
620.73
992.82
1641.24
984.65
1254.93
1541.50
1720.80
1778.60
1514.29
1499.61
900.65
1424.89
2116.30
1616.00
1397.62
1854.50
1325.47
1370.74
1547.95
1327.78
1325.84
1465.70
1306.15
1887.20
1939.00
1850.02
1270.05
903.59
1977.00
1184.12
1385.30
1077.13
1419.70
910.69
1128.07
978.73
1385.02
1205.05
1455.60
926.12
1613.60
1528.80
1388.78
2091.40
1988.33
477.56
1124.59
817.92
1231.49
1846.01
1077.72
1597.80
1865.07
861.32
1059.70
1909.70
1767.50
1569.48
1601.64
555.69
845.78
1196.10
1369.07
1456.40
1368.72
1529.18
1398.30
1215.59
1466.80
758.54
1305.00
1502.60
1914.40
1765.29
1794.50
1275.33
1164.37
983.91
1671.90
788.93
1172.84
1281.92
1499.60
956.80
2012.73
1983.57
938.08
1585.20
869.04
1509.13
1537.22
1052.59
1753.00
1543.80
1490.40
1463.17
1399.07
1443.43
1145.29
1435.55
1419.12
1746.18
1437.16
1099.94
942.85
1578.17
1062.30
1810.25
997.66
998.50
1598.40
1230.42
969.64
968.80
1273.66
1068.53
666.24
783.42
409.39
1094.11
1864.30
668.51
1618.44
1903.25
1659.62
1396.92
1973.40
1891.10
1019.32
1164.00
1905.19
1387.31
1775.36
1032.07
1547.05
1720.30
1064.88
1042.52
1052.41
1554.22
1416.15
1272.54
1285.45
1690.90
881.94
787.99
1246.38
1446.18
1171.88
1023.71
1006.62
974.46
1152.55
826.19
1115.30
353.20
1247.84
1413.51
1096.54
1880.50
958.19
1837.76
1276.67
1660.64
1825.50
1300.05
1333.83
1778.40
1367.67
1477.00
743.79
1490.31
923.94
1893.16
645.64
1139.19
1338.51
1250.54
1832.60
1268.73
1157.05
1423.70
1306.87
2211.80
1598.09
1236.73
1786.44
1364.23
765.97
1607.44
1373.49
1726.20
724.67
327.48
1095.99
1039.99
1688.05
1607.70
983.22
1163.91
1742.79
1216.46
1130.32
1407.06
1754.25
1579.30
2028.40
1072.53
1412.15
871.33
1778.70
1442.41
1389.95
908.30
1826.36
1178.63
1009.56
1960.10
1372.35
1022.57
1705.50
1780.50
1505.55
2127.80
1349.80
1447.63
1364.97
1335.25
1536.57
1496.39
1678.41
1268.09
1414.23
1329.36
1809.44
1916.06
2083.86
2060.49
861.93
1223.49
1329.22
1157.64
842.88
831.07
868.91
1899.22
1082.26
1225.76
1786.20
870.95
1381.03
1453.20
1547.74
559.91
892.77
1698.50
1349.80
612.59
835.78
1961.50
1591.20
1444.10
1858.94
1154.34
610.79
1887.56
1259.34
1413.50
1975.77
1216.13
1773.40
925.85
1529.60
1525.74
1557.40
1454.60
1210.52
1467.02
1046.93
2029.99
1826.60
1169.05
1687.66
1582.06
1466.35
925.49
832.83
1242.47
1261.87
1703.10
1149.30
1974.58
1508.35
1150.12
1522.34
1453.12
1112.57
904.89
1921.90
2014.40
1004.32
1139.75
1152.80
1201.46
2177.40
700.05
1515.00
1601.04
1947.30
1233.18
1920.94
795.52
1266.48
1139.51
1384.29
1526.75
829.71
907.70
1524.56
969.64
1815.20
1275.27
1695.38
1574.94
1190.51
1416.26
1078.70
2165.81
1341.72
1413.02
1384.32
931.74
1879.90
1555.74
1336.26
884.11
1098.65
1959.38
1343.55
1512.20
1974.50
1114.07
1219.36
1764.40
1280.60
1452.40
1715.60
970.59
1451.96
1462.78
1367.16
1469.58
873.95
990.82
1629.09
677.70
1523.80
1698.59
1251.73
1366.60
1245.30
2036.40
1613.52
1384.35
1785.09
412.02
1018.64
1292.45
1373.40
1555.61
653.08
1017.87
1099.15
1586.59
1910.40
1311.51
1878.00
1732.70
1345.17
1466.78
1970.06
1383.24
1374.20
1169.28
1148.92
2038.00
1188.00
1389.25
1517.37
1825.29
1220.97
826.79
1387.08
1747.90
1177.24
1169.79
1580.74
1796.19
1245.98
1171.98
795.31
1773.92
1751.48
1746.95
1440.68
2017.10
1423.46
1938.48
692.39
1295.00
959.52
1125.40
1361.76
1289.10
1158.67
1206.03
821.21
1824.70
1137.56
996.91
1720.82
1030.49
1422.65
1422.93
1092.13
1583.33
1804.02
1238.63
1372.52
1170.65
699.20
1439.34
634.17
2118.70
1506.82
958.69
1738.05
425.10
1516.98
1126.10
1126.66
1578.29
2024.46
1026.58
1096.56
1245.58
1803.40
1693.63
1284.59
1758.64
1010.52
1854.70
1612.50
1565.98
1573.22
1475.81
907.74
1379.32
1049.03
1139.18
2035.50
1692.70
1842.40
1643.42
1312.60
1014.13
1105.55
1849.50
1737.30
1690.77
576.53
1047.79
1819.48
1004.72
1553.06
1505.58
1824.58
327.72
1790.29
2177.80
1970.37
940.57
1355.55
1535.60
1855.90
1811.16
1941.16
1484.14
1368.52
730.27
1445.65
1116.10
1184.01
1608.55
247.26
1726.13
787.82
831.50
1458.80
1017.45
1765.61
1496.62
1816.95
1951.40
1029.08
1938.91
1412.91
1867.69
886.34
821.43
1619.60
1557.60
1504.30
822.03
1718.90
1952.57
871.68
1214.20
955.91
1710.25
1933.40
1602.60
2012.00
1624.20
1306.45
638.47
868.52
1361.80
2121.00
1594.38
1545.30
957.08
1618.44
1172.73
1965.70
1031.28
1044.36
1697.88
2072.25
825.88
1692.62
1748.20
1258.31
1417.79
1061.01
1203.52
1228.82
2045.80
899.68
1403.16
2011.40
1371.40
727.14
1470.61
1225.80
1347.54
1530.62
1896.90
1245.30
717.90
1629.26
1407.90
1586.20
990.88
1194.45
1402.44
1243.69
1069.20
1299.13
1839.80
1628.48
996.53
1403.74
1392.37
1005.43
1111.47
1904.90
1716.90
1426.74
1511.12
1384.60
1966.70
1592.61
1857.70
1872.30
1527.72
1866.38
1458.62
1237.28
1585.51
1814.20
1964.20
1480.72
1694.64
1527.45
720.48
1760.00
772.84
1467.18
1999.08
1526.28
1095.45
698.99
1080.13
1658.55
1219.95
1700.51
1827.30
1647.70
1060.00
1578.90
731.84
1337.07
1405.18
1274.84
1406.53
911.19
1686.10
1661.02
1579.07
752.35
1239.07
1177.04
1250.15
1494.90
1617.88
1214.63
1415.00
1618.86
1306.51
1302.70
1136.79
1369.36
1188.35
1856.06
797.00
998.40
1480.59
693.38
1900.86
1333.10
1253.96
1079.07
1710.60
1226.18
1993.10
1825.30
880.11
1793.30
892.07
788.40
1644.59
1222.47
1534.50
1979.40
1356.66
1205.91
1579.90
392.97
1596.30
1129.13
1689.14
1768.98
1271.92
1319.47
1594.00
918.84
1610.11
1654.01
716.21
1343.92
729.68
863.92
1743.86
1263.20
1394.12
1672.04
1302.25
1118.35
1642.50
1572.10
1453.65
1544.70
1183.79
1277.20
814.37
1769.22
1848.50
888.92
853.74
1005.66
1678.50
1999.60
1200.55
1959.07
1655.34
1305.50
1914.90
1032.02
1965.10
1294.21
1178.63
1324.83
1191.70
1499.73
1042.74
1238.36
1738.60
1570.30
1471.18
1434.60
2003.49
1420.40
1250.14
1005.25
900.86
1028.13
1328.74
1011.92
1981.10
1369.70
1100.03
982.67
887.27
1825.50
1263.03
1020.71
1224.45
2040.20
2221.00
1011.40
1422.20
1542.50
818.34
415.27
1773.86
1099.49
1097.64
1266.88
1119.19
1512.00
1775.06
1262.81
1734.50
1588.60
1165.92
1038.55
1398.30
1093.94
1221.76
1668.33
909.05
840.48
752.28
1541.53
1943.42
2016.40
1557.70
1877.80
943.17
1396.50
1589.45
953.72
1080.28
1583.85
905.05
1534.40
1571.95
1874.20
1280.80
1140.72
1155.39
1709.24
1080.01
1132.21
1141.51
1367.09
1078.00
1241.01
1215.43
1586.99
1310.40
1159.26
1412.24
1883.20
1455.71
1680.78
304.35
430.39
1550.08
1562.18
1032.57
1786.20
1148.46
1621.06
716.89
1626.06
940.81
2067.50
921.92
1571.73
1156.89
756.36
1921.80
886.30
701.82
1288.43
1359.40
1520.88
999.28
1808.65
1187.17
642.91
1841.30
2019.20
1173.06
1464.32
1323.94
2129.90
991.02
1679.50
1408.08
1081.64
1322.12
1291.27
1395.13
1327.57
1090.15
1313.74
738.63
857.84
1306.57
1312.65
1591.45
1949.31
1526.46
839.76
1285.34
1164.88
1232.03
1291.80
810.29
1202.92
1774.88
1153.34
1419.84
1631.90
715.48
1193.06
1747.80
1088.16
1665.02
890.00
978.04
1718.80
1548.77
1744.84
1584.30
1928.72
984.15
292.08
1897.70
1700.81
1471.06
1150.58
1437.16
1513.36
2066.20
1543.59
1783.20
1415.89
1558.62
814.75
1940.60
1406.88
1280.19
1594.18
1826.10
1462.49
1383.75
1946.08
1766.80
838.99
1512.05
1101.31
821.61
986.61
1605.05
2006.70
1217.54
542.57
1336.90
838.45
1473.60
1771.46
1246.54
1231.14
1420.04
1355.42
978.25
1749.30
1705.61
1302.28
845.61
1465.94
1287.40
1325.99
903.85
1063.56
1226.76
1764.70
932.49
1597.44
1374.75
2133.90
1431.73
1470.51
1913.40
1002.42
1707.40
1432.20
1345.69
1612.53
1474.40
1430.38
881.78
1513.90
1076.36
751.98
2001.60
1252.96
1867.02
1086.86
1464.15
1036.03
2013.60
1281.97
2061.80
1480.65
1728.01
1702.52
793.63
1297.26
853.68
1139.03
1267.13
1417.67
854.35
1633.04
1691.40
1442.86
1293.75
1296.02
1546.35
2108.61
1463.40
672.08
904.63
879.33
1340.22
1178.34
1399.48
1402.63
1248.76
378.76
1421.96
1739.54
1146.16
1374.04
1005.14
1701.42
1353.07
1593.97
615.40
2199.80
1387.20
1600.95
1448.14
1171.82
1836.60
1254.80
1598.21
1773.90
387.56
1063.68
387.15
1586.07
1093.56
897.83
1852.70
1403.34
1203.64
1185.81
1318.31
1936.80
1815.30
441.09
1570.18
1175.52
2085.40
1098.48
1782.70
1523.43
1950.90
1336.44
1551.60
996.54
1201.58
824.30
1624.60
1407.90
1043.40
1184.64
1374.28
1290.92
1783.04
255.55
1533.21
1451.05
1556.81
1101.08
753.02
1280.17
1530.03
1353.28
1436.82
1164.47
1392.73
1150.15
979.46
1893.32
1324.59
1166.87
1226.58
1121.83
1463.30
1872.24
1198.78
1167.86
655.25
1561.44
1117.31
730.95
1533.66
1263.99
1772.74
1748.71
883.51
1629.60
1104.15
1933.30
1014.81
1456.25
1063.41
774.00
1578.02
1631.57
1330.17
1949.50
1278.22
1043.67
1164.64
1744.35
630.05
1649.65
1273.72
1227.86
1869.50
2010.00
870.46
1100.40
1051.58
1709.28
1609.40
1090.47
1025.77
767.85
1866.52
1621.65
1419.16
1576.65
1342.62
2031.50
1384.48
1310.18
1012.73
1444.40
1328.86
1573.29
983.49
1185.76
1481.86
1094.50
1752.75
1219.05
955.23
1109.57
1027.50
1062.86
1131.38
1572.79
1893.50
1673.56
1024.65
1915.07
1216.21
1332.90
1254.99
1507.56
1513.30
1014.67
1498.34
1385.60
1474.93
874.35
979.73
1726.48
1662.30
1595.58
1699.29
1955.10
1678.16
1431.36
1529.50
1311.72
1338.26
1675.26
1446.72
1421.93
1179.82
1358.10
1206.85
976.06
930.44
1589.70
951.41
1911.63
1784.37
1936.20
1413.10
1083.64
1347.74
2057.90
385.60
1252.14
1080.60
1592.62
1294.22
1203.96
1328.29
1120.39
799.93
1043.66
1433.85
2021.40
1378.30
1917.96
1513.11
1667.85
1762.14
1597.70
1103.72
1780.83
607.99
1208.56
1364.35
1161.98
1052.95
1605.14
1296.40
1368.28
1470.10
1549.21
1076.78
1530.44
1634.46
941.28
1509.42
1887.50
1527.60
811.69
923.12
1494.20
1029.72
1253.72
625.68
1003.71
1203.51
1834.40
1011.28
1009.61
909.86
1715.70
1183.85
1128.00
1052.23
1743.80
1289.30
1607.04
1657.30
1245.68
1030.39
670.89
1716.17
1264.76
886.83
1470.17
2104.20
998.50
2094.20
1473.85
1580.43
1266.43
1163.99
1220.10
973.33
1218.60
1808.01
901.48
1288.07
1976.40
1273.33
1011.56
1620.37
1475.25
1949.30
1487.51
931.16
1251.48
1625.34
1161.06
1106.45
1352.50
883.53
514.99
1829.42
1588.04
939.77
951.02
1361.59
988.52
1600.98
1370.64
995.77
1460.78
1556.40
1374.39
1458.10
1515.80
1176.62
1177.02
1715.19
1705.90
1647.40
1429.59
1543.70
1459.88
1638.30
1467.92
1717.51
1280.16
1088.30
1597.60
1398.68
1214.91
1502.89
944.38
1330.86
1006.73
1290.87
949.20
1963.90
1338.13
1218.59
1408.50
1126.89
1259.85
900.91
1151.80
1271.89
1240.67
1448.56
1047.96
1034.65
1204.33
730.13
1007.96
1401.91
1330.52
1564.50
1300.87
1550.48
883.57
1921.37
726.75
1170.19
956.66
1199.97
1436.00
1504.40
1845.97
1064.86
1771.10
872.18
1011.35
1978.70
1334.23
1132.84
1263.46
1364.13
999.72
1932.40
1771.91
901.96
1488.76
2189.40
1911.91
1364.01
1407.92
1051.73
1397.86
1023.91
1251.43
1242.25
1015.59
599.24
2035.40
1758.77
836.27
1196.26
1618.08
987.39
1603.64
1886.70
1119.98
826.61
1540.41
1287.87
846.84
673.88
675.54
1475.70
1672.10
1398.39
1771.40
998.07
1792.73
1407.59
1073.93
1534.17
2031.80
1454.29
1537.07
1485.04
1147.58
979.12
1395.26
1351.62
1786.50
1668.26
1065.48
1631.39
1791.60
1530.11
1945.70
1864.53
1467.23
1150.59
2091.24
1775.80
1006.45
1116.88
753.42
1619.60
1287.45
1690.77
1801.26
1374.44
1440.74
1119.78
1464.14
1210.46
994.99
1114.27
1453.00
850.81
1545.20
1130.45
1552.42
1262.39
897.77
973.03
1342.32
1559.94
1338.11
1396.10
1266.58
1831.26
1548.89
1429.77
1210.63
1945.70
1243.05
1944.18
1629.20
1494.80
648.30
731.99
1916.50
1345.83
1005.35
1509.00
1521.26
1382.50
1793.65
1224.91
1607.97
1522.16
1495.32
1861.00
1609.20
1689.20
1273.53
1189.95
1388.32
1031.62
1094.22
1313.51
1090.09
977.65
1285.95
1562.38
1017.89
1911.47
1681.10
639.40
827.56
1669.40
1208.56
1147.43
1559.78
1362.26
1021.38
1020.30
1595.90
1086.56
1119.66
1779.40
1245.39
1757.00
1201.65
1745.07
1389.39
1250.13
1421.70
1708.60
1765.67
1239.97
657.31
1047.10
1910.86
887.72
1033.26
1672.30
949.23
1720.00
1576.18
1478.85
1958.00
1631.46
1457.18
1248.05
1577.50
1152.34
856.85
770.48
1024.15
1770.02
1874.58
756.69
1585.59
1191.29
1614.12
1226.96
1948.20
2079.50
1610.40
1234.36
2039.90
1011.52
816.53
571.62
1455.61
1258.44
1077.67
1325.12
1278.48
1896.61
1535.80
1761.20
1176.92
1205.43
1330.25
1552.84
1773.30
1985.90
1106.70
1165.25
1384.19
1579.70
1423.61
1518.07
1247.35
1698.80
1428.73
1322.97
1458.36
540.11
1214.80
1481.62
1281.00
1096.39
946.36
1440.30
1765.70
1259.16
736.35
1333.76
1211.04
1623.76
1193.27
1742.44
973.14
1411.27
1912.40
1830.18
1371.90
1817.30
1195.97
1359.26
607.73
1021.42
2117.10
1069.16
1637.80
1158.99
1460.32
366.40
1334.92
1261.34
1036.49
2031.90
1940.00
459.60
1412.06
472.54
1557.05
1076.37
1611.80
1199.19
1730.60
1813.61
562.94
302.71
1113.30
1267.84
1392.88
1606.24
963.19
1355.80
1083.86
1525.30
1281.55
1218.30
899.28
913.99
1653.61
1877.36
946.89
1410.08
1357.22
1538.81
711.11
1063.42
1416.26
1452.31
1304.78
1207.19
1154.49
1469.84
762.97
1489.87
1410.79
1640.10
1554.27
1531.42
1370.53
956.97
1749.30
763.63
1266.48
1490.75
1504.38
1011.13
1042.10
1246.74
1297.97
1256.22
1287.24
1914.59
1868.10
1833.62
989.89
1613.60
1062.90
1201.53
1947.10
1335.70
1445.24
833.71
1039.62
1293.58
1518.06
1152.73
1698.77
1651.50
853.12
1502.90
1633.27
1852.70
779.71
1162.26
1033.88
1130.57
2104.30
1201.94
1888.70
1254.26
957.41
818.03
1441.09
1147.65
1370.64
653.07
841.26
1404.81
1080.91
1502.93
1920.31
1227.33
1329.00
946.15
798.42
1751.89
1308.77
982.01
1311.97
1872.36
1035.95
1363.84
1478.71
975.68
1326.37
1254.89
1571.48
1364.29
1493.26
562.05
676.46
1600.98
936.86
879.18
966.34
1594.52
936.69
1205.72
1737.52
869.98
1382.98
1361.24
1458.32
1324.59
1308.89
1334.90
1487.36
1540.40
1158.84
2005.00
1153.50
1375.56
1955.20
1155.17
1746.45
1306.46
1581.26
1149.82
1020.40
1465.15
1072.88
1840.40
1959.60
1817.00
1570.50
1501.20
1475.00
1528.74
1444.40
1415.87
1219.36
1048.82
1374.50
2200.60
1751.80
1869.18
1086.68
782.99
1223.26
1329.40
1647.08
1861.34
594.51
1177.63
641.07
1325.68
1786.15
1163.40
1509.74
1423.21
1090.47
1383.92
1140.74
1686.25
1240.67
1131.20
2040.30
1405.51
698.25
978.33
1511.61
984.65
1719.37
1395.26
1385.26
1520.03
715.95
642.34
1884.30
1228.48
1492.55
1882.80
1551.56
1434.50
1809.50
1279.90
1064.10
1247.12
1203.68
1520.11
701.37
1764.70
1595.00
1203.93
532.68
1223.16
1261.79
1430.77
1551.36
1565.00
996.11
783.72
1022.58
974.80
1706.70
1255.23
851.31
1860.44
1514.14
1803.15
1090.47
806.31
668.60
1285.40
1769.30
1760.80
516.28
1761.20
1616.78
1681.40
1320.46
1500.20
1343.64
688.73
1724.10
1609.08
1422.12
1288.43
939.64
1180.24
1374.08
631.90
1870.70
1255.87
1058.66
1133.22
1395.40
1047.69
1350.11
2165.00
1745.10
710.20
1274.88
1109.78
1545.46
1303.96
1438.05
1507.48
1310.33
1314.22
1987.20
1393.56
1491.02
1410.51
2070.61
1278.31
1470.60
1616.78
1239.79
1000.47
1420.87
791.22
1352.87
853.25
1385.25
1300.29
1055.88
1312.56
843.25
1221.92
2027.10
970.72
2009.98
1546.63
1530.65
1292.82
1278.20
1931.30
1251.15
1185.54
1038.09
1340.83
868.56
1734.60
1457.92
1970.78
1706.04
1735.52
880.27
1241.63
1711.29
1802.36
999.79
1644.66
1347.73
796.64
1742.40
1520.50
1790.55
1392.68
1627.53
1312.44
1634.70
413.64
1149.82
1072.18
1073.46
971.39
1868.28
1143.42
1201.19
1393.45
1547.48
1025.69
139.00
932.25
1619.12
1867.60
2036.30
1770.20
1358.50
1563.00
930.50
1341.24
1080.31
1621.88
1365.70
971.82
1167.80
1341.80
1561.27
753.57
1170.36
1746.16
1641.33
1428.34
1766.90
1715.83
2004.30
1619.00
1251.73
1798.22
1205.01
1108.74
581.25
1075.82
586.84
1584.20
1659.50
1635.63
1267.44
1597.38
1050.89
1012.72
737.93
1729.50
1962.08
1296.92
1779.50
1410.42
1087.71
1508.97
1202.16
1515.18
868.99
1582.34
1111.07
1311.27
866.76
1517.70
1757.85
1274.46
1671.63
912.51
1853.18
1206.35
1073.29
1487.57
1149.23
1269.66
1589.72
1316.97
975.15
1220.73
2056.30
1507.08
908.45
1619.60
1054.98
1738.32
870.14
1721.35
1825.24
674.95
1266.26
1236.70
286.94
1210.28
1480.98
1152.59
1670.16
1216.97
1250.32
1791.04
1917.19
799.79
1515.82
738.52
1534.64
1238.28
1439.89
1983.60
1987.79
1455.70
1183.73
1279.11
1988.80
1386.39
1792.54
1265.40
1432.31
1002.42
1657.90
477.99
766.12
1023.27
1022.72
1903.90
729.91
1467.31
1863.40
1268.22
1578.40
437.59
1059.70
1174.86
1007.44
869.09
864.18
1363.60
1556.84
2038.40
1533.13
1736.50
1000.97
1365.11
1643.44
1510.70
1393.93
1934.73
922.62
1200.14
1125.31
1001.63
2203.80
1471.00
1410.16
1296.19
1471.18
1110.07
1138.01
1048.84
1739.15
1240.66
1641.43
1255.40
1742.81
2026.80
1504.28
361.05
1510.52
1759.46
1411.32
849.55
1396.03
1307.88
1288.85
951.79
2020.40
1287.40
1222.10
1470.56
1992.60
1574.02
1046.29
1849.48
1511.09
1059.11
451.69
1508.85
1459.00
1200.49
1429.22
1734.20
971.49
586.79
751.92
1847.20
954.19
